Accession ID,protein,pos,ref,alt
MT853722,G,105,L,P
MT853722,G,110,V,A
MT853722,G,111,P,S
MT853722,G,112,L,P
MT853722,G,114,R,C
MT853722,G,115,L,P
MT853722,G,116,K,E
MT853722,G,120,K,N
MT853722,G,121,S,P
MT853722,G,131,E,V
MT853722,G,132,S,L
MT853722,G,136,C,H
MT853722,G,143,P,S
MT853722,G,149,L,P
MT853722,G,151,H,Y
MT853722,G,152,N,Y
MT853722,G,153,P,L
MT853722,G,155,S,N
MT853722,G,163,T,I
MT853722,G,166,Q,K
MT853722,G,167,A,T
MT853722,G,170,I,T
MT853722,G,179,T,I
MT853722,G,194,L,P
MT853722,G,197,K,R
MT853722,G,204,Q,L
MT853722,G,209,L,P
MT853722,G,216,Q,K
MT853722,G,230,L,Q
MT853722,G,236,P,S
MT853722,G,237,P,L
MT853722,G,240,P,L
MT853722,G,242,K,E
MT853722,G,249,P,L
MT853722,G,254,_,E
MT853722,G,257,Y,C
MT853722,G,263,Q,K
MT853722,G,268,S,T
MT853722,G,272,W,R
MT853722,G,278,L,P
MT853722,G,286,L,H
MT853722,G,287,L,H
MT853722,G,290,L,T
MT853723,G,105,L,P
MT853723,G,110,V,A
MT853723,G,111,P,S
MT853723,G,112,L,P
MT853723,G,114,R,C
MT853723,G,115,L,P
MT853723,G,116,K,E
MT853723,G,120,K,N
MT853723,G,121,S,P
MT853723,G,131,E,V
MT853723,G,132,S,L
MT853723,G,136,C,H
MT853723,G,143,P,S
MT853723,G,149,L,P
MT853723,G,151,H,Y
MT853723,G,152,N,Y
MT853723,G,153,P,L
MT853723,G,155,S,N
MT853723,G,163,T,I
MT853723,G,166,Q,K
MT853723,G,167,A,T
MT853723,G,170,I,T
MT853723,G,179,T,I
MT853723,G,194,L,P
MT853723,G,197,K,R
MT853723,G,204,Q,L
MT853723,G,209,L,P
MT853723,G,218,S,T
MT853723,G,230,L,Q
MT853723,G,236,P,S
MT853723,G,237,P,L
MT853723,G,240,P,L
MT853723,G,242,K,E
MT853723,G,249,P,L
MT853723,G,254,_,E
MT853723,G,257,Y,C
MT853723,G,263,Q,K
MT853723,G,268,S,T
MT853723,G,272,W,R
MT853723,G,276,T,A
MT853723,G,278,L,P
MT853723,G,284,Q,_
MT853723,G,286,L,H
MT853723,G,287,L,H
MT853723,G,290,L,I
MT853724,G,105,L,P
MT853724,G,110,V,A
MT853724,G,111,P,S
MT853724,G,112,L,P
MT853724,G,114,R,C
MT853724,G,115,L,P
MT853724,G,116,K,E
MT853724,G,120,K,N
MT853724,G,121,S,P
MT853724,G,131,E,V
MT853724,G,132,S,L
MT853724,G,136,C,H
MT853724,G,143,P,S
MT853724,G,149,L,P
MT853724,G,151,H,Y
MT853724,G,152,N,Y
MT853724,G,153,P,L
MT853724,G,155,S,N
MT853724,G,163,T,I
MT853724,G,166,Q,K
MT853724,G,167,A,T
MT853724,G,170,I,T
MT853724,G,179,T,I
MT853724,G,194,L,P
MT853724,G,197,K,R
MT853724,G,204,Q,L
MT853724,G,209,L,P
MT853724,G,230,L,Q
MT853724,G,236,P,S
MT853724,G,237,P,L
MT853724,G,240,P,L
MT853724,G,242,K,E
MT853724,G,249,P,L
MT853724,G,254,_,E
MT853724,G,257,Y,C
MT853724,G,263,Q,K
MT853724,G,268,S,T
MT853724,G,272,W,R
MT853724,G,278,L,P
MT853724,G,286,L,H
MT853724,G,287,L,H
MT853724,G,290,L,T
MT853725,G,105,L,P
MT853725,G,110,V,A
MT853725,G,111,P,S
MT853725,G,112,L,P
MT853725,G,114,R,C
MT853725,G,115,L,P
MT853725,G,116,K,E
MT853725,G,120,K,N
MT853725,G,121,S,P
MT853725,G,131,E,V
MT853725,G,132,S,L
MT853725,G,136,C,H
MT853725,G,143,P,S
MT853725,G,149,L,P
MT853725,G,151,H,Y
MT853725,G,152,N,Y
MT853725,G,155,S,N
MT853725,G,163,T,I
MT853725,G,166,Q,K
MT853725,G,167,A,T
MT853725,G,170,I,T
MT853725,G,175,L,S
MT853725,G,179,T,I
MT853725,G,194,L,P
MT853725,G,197,K,R
MT853725,G,204,Q,L
MT853725,G,209,L,P
MT853725,G,230,L,Q
MT853725,G,236,P,S
MT853725,G,237,P,L
MT853725,G,240,P,L
MT853725,G,242,K,E
MT853725,G,254,_,E
MT853725,G,257,Y,C
MT853725,G,263,Q,K
MT853725,G,268,S,T
MT853725,G,272,W,R
MT853725,G,276,T,A
MT853725,G,278,L,P
MT853725,G,284,Q,_
MT853725,G,286,L,H
MT853725,G,287,L,H
MT853725,G,290,L,I
MT853726,G,105,L,P
MT853726,G,110,V,A
MT853726,G,111,P,S
MT853726,G,112,L,P
MT853726,G,114,R,C
MT853726,G,115,L,P
MT853726,G,116,K,E
MT853726,G,120,K,N
MT853726,G,121,S,P
MT853726,G,131,E,V
MT853726,G,132,S,L
MT853726,G,136,C,H
MT853726,G,143,P,S
MT853726,G,149,L,P
MT853726,G,151,H,Y
MT853726,G,152,N,Y
MT853726,G,153,P,L
MT853726,G,155,S,N
MT853726,G,163,T,I
MT853726,G,166,Q,K
MT853726,G,167,A,T
MT853726,G,170,I,T
MT853726,G,179,T,I
MT853726,G,194,L,P
MT853726,G,197,K,R
MT853726,G,204,Q,L
MT853726,G,209,L,P
MT853726,G,230,L,Q
MT853726,G,236,P,S
MT853726,G,237,P,L
MT853726,G,240,P,L
MT853726,G,242,K,E
MT853726,G,249,P,L
MT853726,G,254,_,E
MT853726,G,257,Y,C
MT853726,G,263,Q,K
MT853726,G,268,S,T
MT853726,G,272,W,R
MT853726,G,276,T,A
MT853726,G,278,L,P
MT853726,G,284,Q,_
MT853726,G,286,L,H
MT853726,G,287,L,H
MT853726,G,290,L,I
MT853727,G,105,L,P
MT853727,G,110,V,A
MT853727,G,111,P,S
MT853727,G,112,L,P
MT853727,G,114,R,C
MT853727,G,115,L,P
MT853727,G,116,K,E
MT853727,G,120,K,N
MT853727,G,121,S,P
MT853727,G,125,_,Q
MT853727,G,136,C,H
MT853727,G,143,P,S
MT853727,G,149,L,P
MT853727,G,151,H,Y
MT853727,G,152,N,Y
MT853727,G,153,P,L
MT853727,G,155,S,N
MT853727,G,163,T,I
MT853727,G,166,Q,K
MT853727,G,167,A,T
MT853727,G,170,I,T
MT853727,G,179,T,I
MT853727,G,194,L,P
MT853727,G,197,K,R
MT853727,G,204,Q,L
MT853727,G,209,L,P
MT853727,G,230,L,Q
MT853727,G,236,P,S
MT853727,G,237,P,L
MT853727,G,240,P,L
MT853727,G,242,K,E
MT853727,G,249,P,L
MT853727,G,254,_,E
MT853727,G,257,Y,C
MT853727,G,263,Q,K
MT853727,G,268,S,T
MT853727,G,272,W,R
MT853727,G,278,L,P
MT853727,G,284,Q,_
MT853727,G,286,L,H
MT853727,G,287,L,H
MT853727,G,290,L,I
MT853728,G,105,L,P
MT853728,G,110,V,A
MT853728,G,111,P,S
MT853728,G,112,L,P
MT853728,G,114,R,C
MT853728,G,115,L,P
MT853728,G,116,K,E
MT853728,G,120,K,N
MT853728,G,121,S,P
MT853728,G,131,E,V
MT853728,G,132,S,L
MT853728,G,136,C,H
MT853728,G,143,P,S
MT853728,G,149,L,P
MT853728,G,151,H,Y
MT853728,G,152,N,Y
MT853728,G,155,S,N
MT853728,G,163,T,I
MT853728,G,166,Q,K
MT853728,G,167,A,T
MT853728,G,170,I,T
MT853728,G,179,T,I
MT853728,G,183,A,V
MT853728,G,194,L,P
MT853728,G,197,K,R
MT853728,G,204,Q,L
MT853728,G,209,L,P
MT853728,G,216,Q,K
MT853728,G,230,L,Q
MT853728,G,236,P,S
MT853728,G,237,P,L
MT853728,G,240,P,L
MT853728,G,242,K,E
MT853728,G,249,P,L
MT853728,G,254,_,E
MT853728,G,257,Y,C
MT853728,G,263,Q,K
MT853728,G,268,S,T
MT853728,G,271,K,T
MT853728,G,272,W,R
MT853728,G,278,L,P
MT853728,G,286,L,H
MT853728,G,287,L,H
MT853728,G,290,L,T
MT853729,G,105,L,P
MT853729,G,110,V,A
MT853729,G,111,P,S
MT853729,G,112,L,P
MT853729,G,114,R,C
MT853729,G,115,L,P
MT853729,G,116,K,E
MT853729,G,120,K,N
MT853729,G,121,S,P
MT853729,G,125,_,Q
MT853729,G,136,C,H
MT853729,G,143,P,S
MT853729,G,146,Q,_
MT853729,G,149,L,P
MT853729,G,151,H,Y
MT853729,G,152,N,Y
MT853729,G,153,P,L
MT853729,G,155,S,N
MT853729,G,163,T,I
MT853729,G,166,Q,K
MT853729,G,167,A,T
MT853729,G,170,I,T
MT853729,G,179,T,I
MT853729,G,194,L,P
MT853729,G,197,K,R
MT853729,G,204,Q,L
MT853729,G,209,L,P
MT853729,G,230,L,Q
MT853729,G,236,P,S
MT853729,G,237,P,L
MT853729,G,240,P,L
MT853729,G,242,K,E
MT853729,G,249,P,L
MT853729,G,254,_,E
MT853729,G,257,Y,C
MT853729,G,263,Q,K
MT853729,G,268,S,T
MT853729,G,272,W,R
MT853729,G,278,L,P
MT853729,G,284,Q,_
MT853729,G,286,L,H
MT853729,G,287,L,H
MT853729,G,290,L,I
MT853730,G,105,L,P
MT853730,G,110,V,A
MT853730,G,111,P,S
MT853730,G,112,L,P
MT853730,G,114,R,C
MT853730,G,115,L,P
MT853730,G,116,K,E
MT853730,G,120,K,N
MT853730,G,121,S,P
MT853730,G,125,_,Q
MT853730,G,136,C,H
MT853730,G,143,P,S
MT853730,G,146,Q,R
MT853730,G,149,L,P
MT853730,G,151,H,Y
MT853730,G,152,N,Y
MT853730,G,153,P,L
MT853730,G,155,S,N
MT853730,G,163,T,I
MT853730,G,166,Q,K
MT853730,G,167,A,T
MT853730,G,170,I,T
MT853730,G,179,T,I
MT853730,G,194,L,P
MT853730,G,197,K,R
MT853730,G,204,Q,L
MT853730,G,209,L,P
MT853730,G,230,L,Q
MT853730,G,236,P,T
MT853730,G,237,P,L
MT853730,G,240,P,L
MT853730,G,242,K,E
MT853730,G,249,P,L
MT853730,G,254,_,E
MT853730,G,257,Y,C
MT853730,G,263,Q,K
MT853730,G,268,S,T
MT853730,G,272,W,R
MT853730,G,278,L,P
MT853730,G,284,Q,_
MT853730,G,286,L,H
MT853730,G,287,L,H
MT853730,G,290,L,I
MT853731,G,105,L,P
MT853731,G,110,V,A
MT853731,G,111,P,S
MT853731,G,112,L,P
MT853731,G,114,R,C
MT853731,G,115,L,P
MT853731,G,116,K,E
MT853731,G,120,K,N
MT853731,G,121,S,P
MT853731,G,125,_,Q
MT853731,G,136,C,H
MT853731,G,143,P,S
MT853731,G,149,L,P
MT853731,G,151,H,Y
MT853731,G,152,N,Y
MT853731,G,153,P,L
MT853731,G,155,S,N
MT853731,G,163,T,I
MT853731,G,166,Q,K
MT853731,G,167,A,T
MT853731,G,170,I,T
MT853731,G,179,T,I
MT853731,G,194,L,P
MT853731,G,197,K,R
MT853731,G,204,Q,L
MT853731,G,209,L,P
MT853731,G,230,L,Q
MT853731,G,236,P,S
MT853731,G,237,P,L
MT853731,G,240,P,L
MT853731,G,242,K,E
MT853731,G,249,P,L
MT853731,G,254,_,E
MT853731,G,257,Y,C
MT853731,G,263,Q,K
MT853731,G,268,S,T
MT853731,G,272,W,R
MT853731,G,278,L,P
MT853731,G,284,Q,_
MT853731,G,286,L,H
MT853731,G,287,L,H
MT853731,G,290,L,I
MT853732,G,105,L,P
MT853732,G,110,V,A
MT853732,G,111,P,S
MT853732,G,112,L,P
MT853732,G,114,R,C
MT853732,G,115,L,P
MT853732,G,116,K,E
MT853732,G,120,K,N
MT853732,G,121,S,P
MT853732,G,125,_,Q
MT853732,G,136,C,H
MT853732,G,143,P,S
MT853732,G,146,Q,R
MT853732,G,149,L,P
MT853732,G,151,H,Y
MT853732,G,152,N,Y
MT853732,G,153,P,L
MT853732,G,155,S,N
MT853732,G,163,T,I
MT853732,G,166,Q,K
MT853732,G,167,A,T
MT853732,G,170,I,T
MT853732,G,179,T,I
MT853732,G,194,L,P
MT853732,G,197,K,R
MT853732,G,204,Q,L
MT853732,G,209,L,P
MT853732,G,230,L,Q
MT853732,G,236,P,T
MT853732,G,237,P,L
MT853732,G,240,P,L
MT853732,G,242,K,E
MT853732,G,249,P,L
MT853732,G,254,_,E
MT853732,G,257,Y,C
MT853732,G,263,Q,K
MT853732,G,268,S,T
MT853732,G,272,W,R
MT853732,G,278,L,P
MT853732,G,284,Q,_
MT853732,G,286,L,H
MT853732,G,287,L,H
MT853732,G,290,L,I
MT853733,G,105,L,P
MT853733,G,110,V,A
MT853733,G,111,P,S
MT853733,G,112,L,P
MT853733,G,114,R,C
MT853733,G,115,L,P
MT853733,G,116,K,E
MT853733,G,120,K,N
MT853733,G,121,S,P
MT853733,G,125,_,Q
MT853733,G,136,C,H
MT853733,G,143,P,S
MT853733,G,149,L,P
MT853733,G,151,H,Y
MT853733,G,152,N,Y
MT853733,G,153,P,L
MT853733,G,155,S,N
MT853733,G,163,T,I
MT853733,G,166,Q,K
MT853733,G,167,A,T
MT853733,G,170,I,T
MT853733,G,179,T,I
MT853733,G,194,L,P
MT853733,G,197,K,R
MT853733,G,204,Q,L
MT853733,G,209,L,P
MT853733,G,230,L,Q
MT853733,G,236,P,S
MT853733,G,237,P,L
MT853733,G,240,P,L
MT853733,G,242,K,E
MT853733,G,249,P,L
MT853733,G,254,_,E
MT853733,G,257,Y,C
MT853733,G,263,Q,K
MT853733,G,268,S,T
MT853733,G,272,W,R
MT853733,G,278,L,P
MT853733,G,284,Q,_
MT853733,G,286,L,H
MT853733,G,287,L,H
MT853733,G,290,L,I
MT853734,G,105,L,P
MT853734,G,110,V,A
MT853734,G,111,P,S
MT853734,G,112,L,P
MT853734,G,114,R,C
MT853734,G,115,L,P
MT853734,G,116,K,E
MT853734,G,120,K,N
MT853734,G,121,S,P
MT853734,G,131,E,V
MT853734,G,132,S,L
MT853734,G,136,C,H
MT853734,G,138,P,S
MT853734,G,143,P,S
MT853734,G,149,L,P
MT853734,G,151,H,Y
MT853734,G,152,N,Y
MT853734,G,153,P,L
MT853734,G,155,S,N
MT853734,G,163,T,I
MT853734,G,166,Q,K
MT853734,G,167,A,T
MT853734,G,170,I,T
MT853734,G,179,T,I
MT853734,G,194,L,P
MT853734,G,197,K,R
MT853734,G,204,Q,L
MT853734,G,209,L,P
MT853734,G,230,L,Q
MT853734,G,236,P,S
MT853734,G,237,P,L
MT853734,G,240,P,L
MT853734,G,242,K,E
MT853734,G,249,P,L
MT853734,G,254,_,E
MT853734,G,257,Y,C
MT853734,G,263,Q,K
MT853734,G,268,S,T
MT853734,G,272,W,R
MT853734,G,278,L,P
MT853734,G,284,Q,_
MT853734,G,286,L,H
MT853734,G,287,L,H
MT853734,G,290,L,I
MT853735,G,110,V,A
MT853735,G,111,P,S
MT853735,G,112,L,P
MT853735,G,114,R,C
MT853735,G,115,L,P
MT853735,G,116,K,E
MT853735,G,120,K,N
MT853735,G,121,S,P
MT853735,G,125,_,Q
MT853735,G,131,E,V
MT853735,G,132,S,L
MT853735,G,136,C,H
MT853735,G,143,P,S
MT853735,G,149,L,P
MT853735,G,151,H,Y
MT853735,G,152,N,Y
MT853735,G,153,P,L
MT853735,G,155,S,N
MT853735,G,163,T,I
MT853735,G,166,Q,K
MT853735,G,167,A,T
MT853735,G,170,I,T
MT853735,G,179,T,I
MT853735,G,194,L,P
MT853735,G,197,K,R
MT853735,G,204,Q,L
MT853735,G,209,L,P
MT853735,G,230,L,Q
MT853735,G,236,P,S
MT853735,G,237,P,L
MT853735,G,240,P,L
MT853735,G,242,K,E
MT853735,G,249,P,L
MT853735,G,254,_,E
MT853735,G,257,Y,C
MT853735,G,263,Q,K
MT853735,G,268,S,T
MT853735,G,272,W,R
MT853735,G,278,L,P
MT853735,G,284,Q,_
MT853735,G,286,L,H
MT853735,G,287,L,H
MT853735,G,290,L,I
MT853736,G,105,L,P
MT853736,G,110,V,A
MT853736,G,111,P,S
MT853736,G,112,L,P
MT853736,G,114,R,C
MT853736,G,115,L,P
MT853736,G,116,K,E
MT853736,G,120,K,N
MT853736,G,121,S,P
MT853736,G,131,E,V
MT853736,G,132,S,L
MT853736,G,136,C,H
MT853736,G,143,P,S
MT853736,G,149,L,P
MT853736,G,151,H,Y
MT853736,G,152,N,Y
MT853736,G,153,P,L
MT853736,G,155,S,N
MT853736,G,163,T,I
MT853736,G,166,Q,K
MT853736,G,167,A,T
MT853736,G,170,I,T
MT853736,G,179,T,I
MT853736,G,194,L,P
MT853736,G,197,K,R
MT853736,G,204,Q,L
MT853736,G,209,L,P
MT853736,G,230,L,Q
MT853736,G,235,Y,H
MT853736,G,236,P,S
MT853736,G,237,P,L
MT853736,G,239,S,N
MT853736,G,240,P,L
MT853736,G,242,K,E
MT853736,G,249,P,L
MT853736,G,254,_,E
MT853736,G,257,Y,C
MT853736,G,263,Q,K
MT853736,G,268,S,T
MT853736,G,272,W,R
MT853736,G,278,L,P
MT853736,G,286,L,H
MT853736,G,287,L,H
MT853736,G,290,L,T
MT853737,G,105,L,P
MT853737,G,110,V,A
MT853737,G,111,P,S
MT853737,G,112,L,P
MT853737,G,114,R,C
MT853737,G,115,L,P
MT853737,G,116,K,E
MT853737,G,120,K,N
MT853737,G,121,S,P
MT853737,G,125,_,Q
MT853737,G,136,C,H
MT853737,G,143,P,S
MT853737,G,149,L,P
MT853737,G,151,H,Y
MT853737,G,152,N,Y
MT853737,G,153,P,L
MT853737,G,155,S,N
MT853737,G,163,T,I
MT853737,G,166,Q,K
MT853737,G,167,A,T
MT853737,G,170,I,T
MT853737,G,179,T,I
MT853737,G,194,L,P
MT853737,G,197,K,R
MT853737,G,204,Q,L
MT853737,G,209,L,P
MT853737,G,230,L,Q
MT853737,G,236,P,S
MT853737,G,237,P,L
MT853737,G,240,P,L
MT853737,G,242,K,E
MT853737,G,249,P,L
MT853737,G,254,_,E
MT853737,G,257,Y,C
MT853737,G,263,Q,K
MT853737,G,268,S,T
MT853737,G,272,W,R
MT853737,G,278,L,P
MT853737,G,284,Q,_
MT853737,G,286,L,H
MT853737,G,287,L,H
MT853737,G,290,L,I
MT853738,G,105,L,P
MT853738,G,110,V,A
MT853738,G,111,P,S
MT853738,G,112,L,P
MT853738,G,114,R,C
MT853738,G,115,L,P
MT853738,G,116,K,E
MT853738,G,120,K,N
MT853738,G,121,S,P
MT853738,G,125,_,Q
MT853738,G,136,C,H
MT853738,G,143,P,S
MT853738,G,146,Q,_
MT853738,G,149,L,P
MT853738,G,151,H,Y
MT853738,G,152,N,Y
MT853738,G,153,P,L
MT853738,G,155,S,N
MT853738,G,163,T,I
MT853738,G,166,Q,K
MT853738,G,167,A,T
MT853738,G,170,I,T
MT853738,G,179,T,I
MT853738,G,194,L,P
MT853738,G,197,K,R
MT853738,G,204,Q,L
MT853738,G,209,L,P
MT853738,G,230,L,Q
MT853738,G,236,P,S
MT853738,G,237,P,L
MT853738,G,240,P,L
MT853738,G,242,K,E
MT853738,G,249,P,L
MT853738,G,254,_,E
MT853738,G,257,Y,C
MT853738,G,263,Q,K
MT853738,G,268,S,T
MT853738,G,272,W,R
MT853738,G,278,L,P
MT853738,G,284,Q,_
MT853738,G,286,L,H
MT853738,G,287,L,H
MT853738,G,290,L,I
MT853739,G,105,L,P
MT853739,G,110,V,A
MT853739,G,111,P,S
MT853739,G,112,L,P
MT853739,G,114,R,C
MT853739,G,115,L,P
MT853739,G,116,K,E
MT853739,G,120,K,N
MT853739,G,121,S,P
MT853739,G,131,E,V
MT853739,G,132,S,L
MT853739,G,136,C,H
MT853739,G,138,P,S
MT853739,G,143,P,S
MT853739,G,149,L,P
MT853739,G,151,H,Y
MT853739,G,152,N,Y
MT853739,G,153,P,L
MT853739,G,155,S,N
MT853739,G,163,T,I
MT853739,G,166,Q,K
MT853739,G,167,A,T
MT853739,G,170,I,T
MT853739,G,179,T,I
MT853739,G,194,L,P
MT853739,G,197,K,R
MT853739,G,204,Q,L
MT853739,G,209,L,P
MT853739,G,230,L,Q
MT853739,G,236,P,S
MT853739,G,237,P,L
MT853739,G,240,P,L
MT853739,G,242,K,E
MT853739,G,244,Q,_
MT853739,G,249,P,L
MT853739,G,254,_,E
MT853739,G,257,Y,C
MT853739,G,263,Q,K
MT853739,G,268,S,T
MT853739,G,272,W,R
MT853739,G,278,L,P
MT853739,G,284,Q,_
MT853739,G,286,L,H
MT853739,G,287,L,H
MT853739,G,290,L,I
MT853740,G,105,L,P
MT853740,G,110,V,A
MT853740,G,111,P,S
MT853740,G,112,L,P
MT853740,G,114,R,C
MT853740,G,115,L,P
MT853740,G,116,K,E
MT853740,G,120,K,N
MT853740,G,121,S,P
MT853740,G,131,E,V
MT853740,G,132,S,L
MT853740,G,136,C,H
MT853740,G,143,P,S
MT853740,G,149,L,P
MT853740,G,151,H,Y
MT853740,G,152,N,Y
MT853740,G,153,P,L
MT853740,G,155,S,N
MT853740,G,163,T,I
MT853740,G,166,Q,K
MT853740,G,167,A,T
MT853740,G,170,I,T
MT853740,G,179,T,I
MT853740,G,194,L,P
MT853740,G,197,K,R
MT853740,G,204,Q,L
MT853740,G,209,L,P
MT853740,G,230,L,Q
MT853740,G,236,P,S
MT853740,G,237,P,L
MT853740,G,240,P,L
MT853740,G,242,K,E
MT853740,G,249,P,L
MT853740,G,254,_,E
MT853740,G,257,Y,C
MT853740,G,263,Q,K
MT853740,G,268,S,T
MT853740,G,272,W,R
MT853740,G,278,L,P
MT853740,G,286,L,H
MT853740,G,287,L,H
MT853740,G,290,L,T
MT853741,G,105,L,P
MT853741,G,110,V,A
MT853741,G,111,P,S
MT853741,G,112,L,P
MT853741,G,114,R,C
MT853741,G,115,L,P
MT853741,G,116,K,E
MT853741,G,120,K,N
MT853741,G,121,S,P
MT853741,G,131,E,V
MT853741,G,132,S,L
MT853741,G,136,C,H
MT853741,G,143,P,S
MT853741,G,149,L,P
MT853741,G,151,H,Y
MT853741,G,152,N,Y
MT853741,G,153,P,L
MT853741,G,155,S,N
MT853741,G,163,T,I
MT853741,G,166,Q,K
MT853741,G,167,A,T
MT853741,G,170,I,T
MT853741,G,179,T,I
MT853741,G,194,L,P
MT853741,G,197,K,R
MT853741,G,204,Q,L
MT853741,G,209,L,P
MT853741,G,230,L,Q
MT853741,G,236,P,S
MT853741,G,237,P,L
MT853741,G,240,P,L
MT853741,G,242,K,E
MT853741,G,249,P,L
MT853741,G,254,_,E
MT853741,G,257,Y,C
MT853741,G,263,Q,K
MT853741,G,268,S,T
MT853741,G,272,W,R
MT853741,G,278,L,P
MT853741,G,286,L,H
MT853741,G,287,L,H
MT853741,G,290,L,T
MT853742,G,105,L,P
MT853742,G,110,V,A
MT853742,G,111,P,S
MT853742,G,112,L,P
MT853742,G,114,R,C
MT853742,G,115,L,P
MT853742,G,116,K,E
MT853742,G,120,K,N
MT853742,G,121,S,P
MT853742,G,131,E,V
MT853742,G,132,S,L
MT853742,G,136,C,H
MT853742,G,143,P,S
MT853742,G,149,L,P
MT853742,G,151,H,Y
MT853742,G,152,N,Y
MT853742,G,153,P,L
MT853742,G,155,S,N
MT853742,G,159,N,S
MT853742,G,163,T,I
MT853742,G,166,Q,K
MT853742,G,167,A,T
MT853742,G,170,I,T
MT853742,G,179,T,I
MT853742,G,194,L,P
MT853742,G,197,K,R
MT853742,G,204,Q,L
MT853742,G,209,L,P
MT853742,G,230,L,Q
MT853742,G,236,P,S
MT853742,G,237,P,L
MT853742,G,240,P,L
MT853742,G,242,K,E
MT853742,G,249,P,L
MT853742,G,254,_,E
MT853742,G,257,Y,C
MT853742,G,263,Q,K
MT853742,G,268,S,T
MT853742,G,272,W,R
MT853742,G,278,L,P
MT853742,G,286,L,H
MT853742,G,287,L,H
MT853742,G,290,L,T
MT853743,G,105,L,P
MT853743,G,110,V,A
MT853743,G,111,P,S
MT853743,G,112,L,P
MT853743,G,114,R,C
MT853743,G,115,L,P
MT853743,G,116,K,E
MT853743,G,120,K,N
MT853743,G,121,S,P
MT853743,G,131,E,V
MT853743,G,132,S,L
MT853743,G,136,C,H
MT853743,G,143,P,S
MT853743,G,149,L,P
MT853743,G,151,H,Y
MT853743,G,152,N,Y
MT853743,G,153,P,L
MT853743,G,155,S,N
MT853743,G,163,T,I
MT853743,G,166,Q,K
MT853743,G,167,A,T
MT853743,G,170,I,T
MT853743,G,179,T,I
MT853743,G,194,L,P
MT853743,G,197,K,R
MT853743,G,204,Q,L
MT853743,G,209,L,P
MT853743,G,230,L,Q
MT853743,G,236,P,S
MT853743,G,237,P,L
MT853743,G,240,P,L
MT853743,G,242,K,E
MT853743,G,249,P,L
MT853743,G,254,_,E
MT853743,G,257,Y,C
MT853743,G,263,Q,K
MT853743,G,268,S,T
MT853743,G,272,W,R
MT853743,G,278,L,P
MT853743,G,286,L,H
MT853743,G,287,L,H
MT853743,G,290,L,T
MT853744,G,105,L,P
MT853744,G,110,V,A
MT853744,G,111,P,S
MT853744,G,112,L,P
MT853744,G,114,R,C
MT853744,G,115,L,P
MT853744,G,116,K,E
MT853744,G,120,K,N
MT853744,G,121,S,P
MT853744,G,131,E,V
MT853744,G,132,S,L
MT853744,G,136,C,H
MT853744,G,143,P,S
MT853744,G,149,L,P
MT853744,G,151,H,Y
MT853744,G,152,N,Y
MT853744,G,153,P,L
MT853744,G,155,S,N
MT853744,G,163,T,I
MT853744,G,166,Q,K
MT853744,G,167,A,T
MT853744,G,170,I,T
MT853744,G,179,T,I
MT853744,G,194,L,P
MT853744,G,197,K,R
MT853744,G,204,Q,L
MT853744,G,209,L,P
MT853744,G,230,L,Q
MT853744,G,236,P,S
MT853744,G,237,P,L
MT853744,G,240,P,L
MT853744,G,242,K,E
MT853744,G,249,P,L
MT853744,G,254,_,E
MT853744,G,257,Y,C
MT853744,G,263,Q,K
MT853744,G,268,S,T
MT853744,G,272,W,R
MT853744,G,278,L,P
MT853744,G,286,L,H
MT853744,G,287,L,H
MT853744,G,290,L,T
MT853745,G,105,L,P
MT853745,G,110,V,A
MT853745,G,111,P,S
MT853745,G,112,L,P
MT853745,G,114,R,C
MT853745,G,115,L,P
MT853745,G,116,K,E
MT853745,G,120,K,N
MT853745,G,121,S,P
MT853745,G,131,E,V
MT853745,G,132,S,L
MT853745,G,136,C,H
MT853745,G,143,P,S
MT853745,G,149,L,P
MT853745,G,151,H,Y
MT853745,G,152,N,Y
MT853745,G,153,P,L
MT853745,G,155,S,N
MT853745,G,163,T,I
MT853745,G,166,Q,K
MT853745,G,167,A,T
MT853745,G,170,I,T
MT853745,G,179,T,I
MT853745,G,194,L,P
MT853745,G,197,K,R
MT853745,G,204,Q,L
MT853745,G,209,L,P
MT853745,G,230,L,Q
MT853745,G,236,P,S
MT853745,G,237,P,L
MT853745,G,240,P,L
MT853745,G,242,K,E
MT853745,G,249,P,L
MT853745,G,254,_,E
MT853745,G,257,Y,C
MT853745,G,263,Q,K
MT853745,G,268,S,T
MT853745,G,272,W,R
MT853745,G,278,L,P
MT853745,G,286,L,H
MT853745,G,287,L,H
MT853745,G,290,L,T
MT853746,G,105,L,P
MT853746,G,110,V,A
MT853746,G,111,P,S
MT853746,G,112,L,P
MT853746,G,114,R,C
MT853746,G,115,L,P
MT853746,G,116,K,E
MT853746,G,120,K,N
MT853746,G,121,S,P
MT853746,G,131,E,V
MT853746,G,132,S,L
MT853746,G,136,C,H
MT853746,G,143,P,S
MT853746,G,149,L,P
MT853746,G,151,H,Y
MT853746,G,152,N,Y
MT853746,G,153,P,L
MT853746,G,155,S,N
MT853746,G,163,T,I
MT853746,G,166,Q,K
MT853746,G,167,A,T
MT853746,G,170,I,T
MT853746,G,179,T,I
MT853746,G,194,L,P
MT853746,G,197,K,R
MT853746,G,204,Q,L
MT853746,G,209,L,P
MT853746,G,230,L,Q
MT853746,G,236,P,S
MT853746,G,237,P,L
MT853746,G,240,P,L
MT853746,G,242,K,E
MT853746,G,249,P,L
MT853746,G,254,_,E
MT853746,G,257,Y,C
MT853746,G,263,Q,K
MT853746,G,268,S,T
MT853746,G,272,W,R
MT853746,G,278,L,P
MT853746,G,286,L,H
MT853746,G,287,L,H
MT853746,G,290,L,T
MT853747,G,105,L,P
MT853747,G,110,V,A
MT853747,G,111,P,S
MT853747,G,112,L,P
MT853747,G,114,R,C
MT853747,G,115,L,P
MT853747,G,116,K,E
MT853747,G,120,K,N
MT853747,G,121,S,P
MT853747,G,131,E,V
MT853747,G,132,S,L
MT853747,G,136,C,H
MT853747,G,143,P,S
MT853747,G,149,L,P
MT853747,G,151,H,Y
MT853747,G,152,N,Y
MT853747,G,153,P,L
MT853747,G,155,S,N
MT853747,G,163,T,I
MT853747,G,166,Q,K
MT853747,G,167,A,T
MT853747,G,170,I,T
MT853747,G,179,T,I
MT853747,G,194,L,P
MT853747,G,197,K,R
MT853747,G,204,Q,L
MT853747,G,209,L,P
MT853747,G,230,L,Q
MT853747,G,236,P,S
MT853747,G,237,P,L
MT853747,G,240,P,L
MT853747,G,242,K,E
MT853747,G,249,P,L
MT853747,G,254,_,E
MT853747,G,257,Y,C
MT853747,G,263,Q,K
MT853747,G,268,S,T
MT853747,G,272,W,R
MT853747,G,278,L,P
MT853747,G,286,L,H
MT853747,G,287,L,H
MT853747,G,290,L,T
MT853748,G,105,L,P
MT853748,G,110,V,A
MT853748,G,111,P,S
MT853748,G,112,L,P
MT853748,G,114,R,C
MT853748,G,115,L,P
MT853748,G,116,K,E
MT853748,G,120,K,N
MT853748,G,121,S,P
MT853748,G,131,E,V
MT853748,G,132,S,L
MT853748,G,136,C,H
MT853748,G,143,P,S
MT853748,G,149,L,P
MT853748,G,151,H,Y
MT853748,G,152,N,Y
MT853748,G,153,P,L
MT853748,G,155,S,N
MT853748,G,163,T,I
MT853748,G,166,Q,K
MT853748,G,167,A,T
MT853748,G,170,I,T
MT853748,G,179,T,I
MT853748,G,194,L,P
MT853748,G,197,K,R
MT853748,G,204,Q,L
MT853748,G,209,L,P
MT853748,G,230,L,Q
MT853748,G,236,P,S
MT853748,G,237,P,L
MT853748,G,240,P,L
MT853748,G,242,K,E
MT853748,G,249,P,L
MT853748,G,254,_,E
MT853748,G,257,Y,C
MT853748,G,263,Q,K
MT853748,G,268,S,T
MT853748,G,272,W,R
MT853748,G,278,L,P
MT853748,G,286,L,H
MT853748,G,287,L,H
MT853748,G,290,L,T
MT853749,G,105,L,P
MT853749,G,110,V,A
MT853749,G,111,P,S
MT853749,G,112,L,P
MT853749,G,114,R,C
MT853749,G,115,L,P
MT853749,G,116,K,E
MT853749,G,120,K,N
MT853749,G,121,S,P
MT853749,G,131,E,V
MT853749,G,132,S,L
MT853749,G,136,C,H
MT853749,G,143,P,S
MT853749,G,149,L,P
MT853749,G,151,H,Y
MT853749,G,152,N,Y
MT853749,G,153,P,L
MT853749,G,155,S,N
MT853749,G,163,T,I
MT853749,G,166,Q,K
MT853749,G,167,A,T
MT853749,G,170,I,T
MT853749,G,179,T,I
MT853749,G,194,L,P
MT853749,G,197,K,R
MT853749,G,204,Q,L
MT853749,G,209,L,P
MT853749,G,230,L,Q
MT853749,G,235,Y,H
MT853749,G,236,P,S
MT853749,G,237,P,L
MT853749,G,240,P,L
MT853749,G,242,K,E
MT853749,G,249,P,L
MT853749,G,254,_,E
MT853749,G,257,Y,C
MT853749,G,263,Q,K
MT853749,G,268,S,T
MT853749,G,272,W,R
MT853749,G,278,L,P
MT853749,G,286,L,H
MT853749,G,287,L,H
MT853749,G,290,L,T
MT853750,G,105,L,P
MT853750,G,110,V,A
MT853750,G,111,P,S
MT853750,G,112,L,P
MT853750,G,114,R,C
MT853750,G,115,L,P
MT853750,G,116,K,E
MT853750,G,120,K,N
MT853750,G,121,S,P
MT853750,G,131,E,V
MT853750,G,132,S,L
MT853750,G,136,C,H
MT853750,G,143,P,S
MT853750,G,149,L,P
MT853750,G,151,H,Y
MT853750,G,152,N,Y
MT853750,G,153,P,L
MT853750,G,155,S,N
MT853750,G,163,T,I
MT853750,G,166,Q,K
MT853750,G,167,A,T
MT853750,G,170,I,T
MT853750,G,179,T,I
MT853750,G,194,L,P
MT853750,G,197,K,R
MT853750,G,204,Q,L
MT853750,G,209,L,P
MT853750,G,230,L,Q
MT853750,G,236,P,S
MT853750,G,237,P,L
MT853750,G,240,P,L
MT853750,G,242,K,E
MT853750,G,249,P,L
MT853750,G,254,_,E
MT853750,G,257,Y,C
MT853750,G,263,Q,K
MT853750,G,268,S,T
MT853750,G,272,W,R
MT853750,G,278,L,P
MT853750,G,286,L,H
MT853750,G,287,L,H
MT853750,G,290,L,T
MT853751,G,105,L,P
MT853751,G,110,V,A
MT853751,G,111,P,S
MT853751,G,112,L,P
MT853751,G,114,R,C
MT853751,G,115,L,P
MT853751,G,116,K,E
MT853751,G,120,K,N
MT853751,G,121,S,P
MT853751,G,131,E,V
MT853751,G,132,S,L
MT853751,G,136,C,H
MT853751,G,143,P,S
MT853751,G,144,K,E
MT853751,G,149,L,P
MT853751,G,151,H,Y
MT853751,G,152,N,Y
MT853751,G,153,P,L
MT853751,G,155,S,N
MT853751,G,163,T,I
MT853751,G,166,Q,K
MT853751,G,167,A,T
MT853751,G,170,I,T
MT853751,G,179,T,I
MT853751,G,194,L,P
MT853751,G,197,K,R
MT853751,G,204,Q,L
MT853751,G,209,L,P
MT853751,G,216,Q,K
MT853751,G,230,L,Q
MT853751,G,236,P,S
MT853751,G,237,P,L
MT853751,G,240,P,L
MT853751,G,242,K,E
MT853751,G,249,P,L
MT853751,G,254,_,E
MT853751,G,257,Y,C
MT853751,G,263,Q,K
MT853751,G,268,S,T
MT853751,G,272,W,R
MT853751,G,278,L,P
MT853751,G,286,L,H
MT853751,G,287,L,H
MT853751,G,290,L,T
MT853752,G,105,L,P
MT853752,G,110,V,A
MT853752,G,111,P,S
MT853752,G,112,L,P
MT853752,G,114,R,C
MT853752,G,115,L,P
MT853752,G,116,K,E
MT853752,G,120,K,N
MT853752,G,121,S,P
MT853752,G,131,E,V
MT853752,G,132,S,L
MT853752,G,136,C,H
MT853752,G,143,P,S
MT853752,G,149,L,P
MT853752,G,151,H,Y
MT853752,G,152,N,Y
MT853752,G,155,S,N
MT853752,G,163,T,I
MT853752,G,166,Q,K
MT853752,G,167,A,T
MT853752,G,170,I,T
MT853752,G,179,T,I
MT853752,G,194,L,P
MT853752,G,197,K,R
MT853752,G,204,Q,L
MT853752,G,209,L,P
MT853752,G,230,L,Q
MT853752,G,236,P,S
MT853752,G,237,P,L
MT853752,G,242,K,E
MT853752,G,254,_,E
MT853752,G,257,Y,C
MT853752,G,263,Q,K
MT853752,G,268,S,T
MT853752,G,272,W,R
MT853752,G,278,L,P
MT853752,G,286,L,H
MT853752,G,287,L,H
MT853752,G,290,L,T
MT853753,G,105,L,P
MT853753,G,110,V,A
MT853753,G,111,P,S
MT853753,G,112,L,P
MT853753,G,114,R,C
MT853753,G,115,L,P
MT853753,G,116,K,E
MT853753,G,120,K,N
MT853753,G,121,S,P
MT853753,G,131,E,V
MT853753,G,132,S,L
MT853753,G,136,C,H
MT853753,G,143,P,S
MT853753,G,149,L,P
MT853753,G,151,H,Y
MT853753,G,152,N,Y
MT853753,G,153,P,L
MT853753,G,155,S,N
MT853753,G,163,T,I
MT853753,G,166,Q,K
MT853753,G,167,A,T
MT853753,G,170,I,T
MT853753,G,179,T,I
MT853753,G,194,L,P
MT853753,G,197,K,R
MT853753,G,204,Q,L
MT853753,G,209,L,P
MT853753,G,216,Q,K
MT853753,G,230,L,Q
MT853753,G,236,P,S
MT853753,G,237,P,L
MT853753,G,240,P,L
MT853753,G,242,K,E
MT853753,G,249,P,L
MT853753,G,254,_,E
MT853753,G,257,Y,C
MT853753,G,263,Q,K
MT853753,G,268,S,T
MT853753,G,272,W,R
MT853753,G,278,L,P
MT853753,G,286,L,H
MT853753,G,287,L,H
MT853753,G,290,L,T
MT853754,G,105,L,P
MT853754,G,110,V,A
MT853754,G,111,P,S
MT853754,G,112,L,P
MT853754,G,114,R,C
MT853754,G,115,L,P
MT853754,G,116,K,E
MT853754,G,120,K,N
MT853754,G,121,S,P
MT853754,G,131,E,V
MT853754,G,132,S,L
MT853754,G,136,C,H
MT853754,G,143,P,S
MT853754,G,149,L,P
MT853754,G,151,H,Y
MT853754,G,152,N,Y
MT853754,G,153,P,L
MT853754,G,155,S,N
MT853754,G,163,T,I
MT853754,G,166,Q,K
MT853754,G,167,A,T
MT853754,G,170,I,T
MT853754,G,179,T,I
MT853754,G,194,L,P
MT853754,G,197,K,R
MT853754,G,204,Q,L
MT853754,G,209,L,P
MT853754,G,227,L,P
MT853754,G,230,L,Q
MT853754,G,236,P,S
MT853754,G,237,P,L
MT853754,G,242,K,E
MT853754,G,249,P,L
MT853754,G,251,Q,K
MT853754,G,254,_,E
MT853754,G,257,Y,C
MT853754,G,263,Q,K
MT853754,G,268,S,T
MT853754,G,272,W,R
MT853754,G,278,L,P
MT853754,G,286,L,H
MT853754,G,287,L,H
MT853754,G,290,L,T
MT853755,G,105,L,P
MT853755,G,110,V,A
MT853755,G,111,P,S
MT853755,G,112,L,P
MT853755,G,114,R,C
MT853755,G,115,L,P
MT853755,G,116,K,E
MT853755,G,120,K,N
MT853755,G,121,S,P
MT853755,G,131,E,V
MT853755,G,132,S,L
MT853755,G,136,C,H
MT853755,G,143,P,S
MT853755,G,149,L,P
MT853755,G,151,H,Y
MT853755,G,152,N,Y
MT853755,G,153,P,L
MT853755,G,155,S,N
MT853755,G,163,T,I
MT853755,G,166,Q,K
MT853755,G,167,A,T
MT853755,G,170,I,T
MT853755,G,179,T,I
MT853755,G,194,L,P
MT853755,G,197,K,R
MT853755,G,204,Q,L
MT853755,G,209,L,P
MT853755,G,230,L,Q
MT853755,G,236,P,S
MT853755,G,237,P,L
MT853755,G,240,P,L
MT853755,G,242,K,E
MT853755,G,249,P,L
MT853755,G,254,_,E
MT853755,G,257,Y,C
MT853755,G,263,Q,K
MT853755,G,268,S,T
MT853755,G,272,W,R
MT853755,G,278,L,P
MT853755,G,286,L,H
MT853755,G,287,L,H
MT853755,G,290,L,T
MT853756,G,105,L,P
MT853756,G,110,V,A
MT853756,G,111,P,S
MT853756,G,112,L,P
MT853756,G,114,R,C
MT853756,G,115,L,P
MT853756,G,116,K,E
MT853756,G,120,K,N
MT853756,G,121,S,P
MT853756,G,131,E,V
MT853756,G,132,S,L
MT853756,G,136,C,H
MT853756,G,143,P,S
MT853756,G,149,L,P
MT853756,G,151,H,Y
MT853756,G,152,N,Y
MT853756,G,153,P,L
MT853756,G,155,S,N
MT853756,G,163,T,I
MT853756,G,166,Q,K
MT853756,G,167,A,T
MT853756,G,170,I,T
MT853756,G,179,T,I
MT853756,G,194,L,P
MT853756,G,197,K,R
MT853756,G,204,Q,L
MT853756,G,209,L,P
MT853756,G,230,L,Q
MT853756,G,236,P,S
MT853756,G,237,P,L
MT853756,G,240,P,L
MT853756,G,242,K,E
MT853756,G,249,P,L
MT853756,G,254,_,E
MT853756,G,257,Y,C
MT853756,G,263,Q,K
MT853756,G,268,S,T
MT853756,G,272,W,R
MT853756,G,278,L,P
MT853756,G,286,L,H
MT853756,G,287,L,H
MT853756,G,290,L,T
MT853757,G,105,L,P
MT853757,G,110,V,A
MT853757,G,111,P,S
MT853757,G,112,L,P
MT853757,G,114,R,C
MT853757,G,115,L,P
MT853757,G,116,K,E
MT853757,G,120,K,N
MT853757,G,121,S,P
MT853757,G,131,E,V
MT853757,G,132,S,L
MT853757,G,136,C,H
MT853757,G,143,P,S
MT853757,G,149,L,P
MT853757,G,151,H,Y
MT853757,G,152,N,Y
MT853757,G,153,P,L
MT853757,G,155,S,N
MT853757,G,163,T,I
MT853757,G,166,Q,K
MT853757,G,167,A,T
MT853757,G,170,I,T
MT853757,G,179,T,I
MT853757,G,194,L,P
MT853757,G,197,K,R
MT853757,G,204,Q,L
MT853757,G,209,L,P
MT853757,G,230,L,Q
MT853757,G,236,P,S
MT853757,G,237,P,L
MT853757,G,240,P,L
MT853757,G,242,K,E
MT853757,G,249,P,L
MT853757,G,254,_,E
MT853757,G,257,Y,C
MT853757,G,263,Q,K
MT853757,G,268,S,T
MT853757,G,272,W,R
MT853757,G,278,L,P
MT853757,G,286,L,H
MT853757,G,287,L,H
MT853757,G,290,L,T
MT853758,G,105,L,P
MT853758,G,110,V,A
MT853758,G,111,P,S
MT853758,G,112,L,P
MT853758,G,114,R,C
MT853758,G,115,L,P
MT853758,G,116,K,E
MT853758,G,120,K,N
MT853758,G,121,S,P
MT853758,G,131,E,V
MT853758,G,132,S,L
MT853758,G,136,C,H
MT853758,G,143,P,S
MT853758,G,149,L,P
MT853758,G,151,H,Y
MT853758,G,152,N,Y
MT853758,G,153,P,L
MT853758,G,155,S,N
MT853758,G,163,T,I
MT853758,G,166,Q,K
MT853758,G,167,A,T
MT853758,G,170,I,T
MT853758,G,179,T,I
MT853758,G,194,L,P
MT853758,G,197,K,R
MT853758,G,204,Q,L
MT853758,G,209,L,P
MT853758,G,230,L,Q
MT853758,G,236,P,S
MT853758,G,237,P,L
MT853758,G,240,P,L
MT853758,G,242,K,E
MT853758,G,249,P,L
MT853758,G,254,_,E
MT853758,G,257,Y,C
MT853758,G,263,Q,K
MT853758,G,268,S,T
MT853758,G,272,W,R
MT853758,G,278,L,P
MT853758,G,286,L,H
MT853758,G,287,L,H
MT853758,G,290,L,T
MT853759,G,105,L,P
MT853759,G,110,V,A
MT853759,G,111,P,S
MT853759,G,112,L,P
MT853759,G,114,R,C
MT853759,G,115,L,P
MT853759,G,116,K,E
MT853759,G,120,K,N
MT853759,G,121,S,P
MT853759,G,131,E,V
MT853759,G,132,S,L
MT853759,G,136,C,H
MT853759,G,143,P,S
MT853759,G,149,L,P
MT853759,G,151,H,Y
MT853759,G,152,N,Y
MT853759,G,153,P,L
MT853759,G,155,S,N
MT853759,G,163,T,I
MT853759,G,166,Q,K
MT853759,G,167,A,T
MT853759,G,170,I,T
MT853759,G,179,T,I
MT853759,G,194,L,P
MT853759,G,197,K,R
MT853759,G,204,Q,L
MT853759,G,209,L,P
MT853759,G,216,Q,K
MT853759,G,230,L,Q
MT853759,G,236,P,S
MT853759,G,237,P,L
MT853759,G,240,P,L
MT853759,G,242,K,E
MT853759,G,243,S,R
MT853759,G,249,P,L
MT853759,G,254,_,E
MT853759,G,257,Y,C
MT853759,G,263,Q,K
MT853759,G,267,N,Y
MT853759,G,268,S,T
MT853759,G,272,W,R
MT853759,G,278,L,P
MT853759,G,286,L,H
MT853759,G,287,L,H
MT853759,G,290,L,T
MT853760,G,105,L,P
MT853760,G,110,V,A
MT853760,G,111,P,S
MT853760,G,112,L,P
MT853760,G,114,R,Y
MT853760,G,115,L,P
MT853760,G,116,K,E
MT853760,G,120,K,N
MT853760,G,121,S,P
MT853760,G,131,E,V
MT853760,G,132,S,L
MT853760,G,136,C,H
MT853760,G,143,P,S
MT853760,G,149,L,P
MT853760,G,151,H,Y
MT853760,G,152,N,Y
MT853760,G,153,P,L
MT853760,G,155,S,N
MT853760,G,163,T,I
MT853760,G,166,Q,K
MT853760,G,167,A,T
MT853760,G,170,I,T
MT853760,G,179,T,I
MT853760,G,194,L,P
MT853760,G,197,K,R
MT853760,G,204,Q,L
MT853760,G,209,L,P
MT853760,G,210,P,S
MT853760,G,236,P,S
MT853760,G,237,P,L
MT853760,G,240,P,L
MT853760,G,242,K,E
MT853760,G,246,S,P
MT853760,G,254,_,E
MT853760,G,257,Y,C
MT853760,G,263,Q,K
MT853760,G,268,S,T
MT853760,G,272,W,R
MT853760,G,278,L,P
MT853760,G,284,Q,_
MT853760,G,286,L,H
MT853760,G,287,L,H
MT853760,G,290,L,I
MT853761,G,105,L,P
MT853761,G,110,V,A
MT853761,G,111,P,S
MT853761,G,112,L,P
MT853761,G,114,R,C
MT853761,G,115,L,P
MT853761,G,116,K,E
MT853761,G,120,K,N
MT853761,G,121,S,P
MT853761,G,131,E,V
MT853761,G,132,S,L
MT853761,G,136,C,H
MT853761,G,143,P,S
MT853761,G,149,L,P
MT853761,G,151,H,Y
MT853761,G,152,N,Y
MT853761,G,153,P,L
MT853761,G,155,S,N
MT853761,G,163,T,I
MT853761,G,166,Q,K
MT853761,G,167,A,T
MT853761,G,170,I,T
MT853761,G,179,T,I
MT853761,G,194,L,P
MT853761,G,197,K,R
MT853761,G,204,Q,L
MT853761,G,209,L,P
MT853761,G,230,L,Q
MT853761,G,236,P,S
MT853761,G,237,P,L
MT853761,G,240,P,L
MT853761,G,242,K,E
MT853761,G,249,P,L
MT853761,G,254,_,E
MT853761,G,257,Y,C
MT853761,G,263,Q,K
MT853761,G,268,S,T
MT853761,G,272,W,R
MT853761,G,278,L,P
MT853761,G,286,L,H
MT853761,G,287,L,H
MT853761,G,290,L,T
MT853762,G,105,L,P
MT853762,G,110,V,A
MT853762,G,111,P,S
MT853762,G,112,L,P
MT853762,G,114,R,C
MT853762,G,115,L,P
MT853762,G,116,K,E
MT853762,G,120,K,N
MT853762,G,121,S,P
MT853762,G,131,E,V
MT853762,G,132,S,L
MT853762,G,136,C,H
MT853762,G,143,P,S
MT853762,G,149,L,P
MT853762,G,151,H,Y
MT853762,G,152,N,Y
MT853762,G,153,P,L
MT853762,G,155,S,N
MT853762,G,163,T,I
MT853762,G,166,Q,K
MT853762,G,167,A,T
MT853762,G,170,I,T
MT853762,G,179,T,I
MT853762,G,194,L,P
MT853762,G,197,K,R
MT853762,G,204,Q,L
MT853762,G,209,L,P
MT853762,G,216,Q,K
MT853762,G,230,L,Q
MT853762,G,236,P,S
MT853762,G,237,P,L
MT853762,G,240,P,L
MT853762,G,242,K,E
MT853762,G,249,P,L
MT853762,G,254,_,E
MT853762,G,257,Y,C
MT853762,G,263,Q,K
MT853762,G,268,S,T
MT853762,G,272,W,R
MT853762,G,278,L,P
MT853762,G,286,L,H
MT853762,G,287,L,H
MT853762,G,290,L,T
MT853763,G,105,L,P
MT853763,G,110,V,A
MT853763,G,111,P,S
MT853763,G,112,L,P
MT853763,G,114,R,C
MT853763,G,115,L,P
MT853763,G,116,K,E
MT853763,G,120,K,N
MT853763,G,121,S,P
MT853763,G,131,E,V
MT853763,G,132,S,L
MT853763,G,136,C,H
MT853763,G,143,P,S
MT853763,G,149,L,P
MT853763,G,151,H,Y
MT853763,G,152,N,Y
MT853763,G,153,P,L
MT853763,G,155,S,N
MT853763,G,163,T,I
MT853763,G,166,Q,K
MT853763,G,167,A,T
MT853763,G,170,I,T
MT853763,G,179,T,I
MT853763,G,194,L,P
MT853763,G,197,K,R
MT853763,G,204,Q,L
MT853763,G,209,L,P
MT853763,G,230,L,Q
MT853763,G,236,P,S
MT853763,G,237,P,L
MT853763,G,240,P,L
MT853763,G,242,K,E
MT853763,G,249,P,L
MT853763,G,254,_,E
MT853763,G,257,Y,C
MT853763,G,263,Q,K
MT853763,G,268,S,T
MT853763,G,272,W,R
MT853763,G,278,L,P
MT853763,G,286,L,H
MT853763,G,287,L,H
MT853763,G,290,L,T
MT853764,G,105,L,P
MT853764,G,110,V,A
MT853764,G,111,P,S
MT853764,G,112,L,P
MT853764,G,114,R,Y
MT853764,G,115,L,P
MT853764,G,116,K,E
MT853764,G,120,K,N
MT853764,G,121,S,P
MT853764,G,131,E,V
MT853764,G,132,S,L
MT853764,G,136,C,H
MT853764,G,143,P,S
MT853764,G,149,L,P
MT853764,G,151,H,Y
MT853764,G,152,N,Y
MT853764,G,153,P,L
MT853764,G,155,S,N
MT853764,G,163,T,I
MT853764,G,166,Q,K
MT853764,G,167,A,T
MT853764,G,170,I,T
MT853764,G,179,T,I
MT853764,G,194,L,P
MT853764,G,197,K,R
MT853764,G,204,Q,L
MT853764,G,209,L,P
MT853764,G,210,P,S
MT853764,G,236,P,S
MT853764,G,237,P,L
MT853764,G,240,P,L
MT853764,G,242,K,E
MT853764,G,246,S,P
MT853764,G,254,_,E
MT853764,G,257,Y,C
MT853764,G,263,Q,K
MT853764,G,264,E,G
MT853764,G,268,S,T
MT853764,G,272,W,R
MT853764,G,278,L,P
MT853764,G,286,L,H
MT853764,G,287,L,H
MT853764,G,290,L,T
MT853765,G,105,L,P
MT853765,G,110,V,A
MT853765,G,111,P,S
MT853765,G,112,L,P
MT853765,G,114,R,C
MT853765,G,115,L,P
MT853765,G,116,K,E
MT853765,G,120,K,N
MT853765,G,121,S,P
MT853765,G,128,Q,_
MT853765,G,136,C,H
MT853765,G,143,P,S
MT853765,G,149,L,P
MT853765,G,151,H,Y
MT853765,G,152,N,Y
MT853765,G,153,P,L
MT853765,G,155,S,N
MT853765,G,156,P,S
MT853765,G,163,T,I
MT853765,G,166,Q,K
MT853765,G,167,A,T
MT853765,G,170,I,T
MT853765,G,179,T,I
MT853765,G,194,L,P
MT853765,G,197,K,R
MT853765,G,204,Q,L
MT853765,G,207,K,R
MT853765,G,209,L,P
MT853765,G,230,L,Q
MT853765,G,236,P,S
MT853765,G,240,P,L
MT853765,G,249,P,L
MT853765,G,254,_,E
MT853765,G,257,Y,C
MT853765,G,263,Q,K
MT853765,G,268,S,T
MT853765,G,272,W,R
MT853765,G,278,L,P
MT853765,G,286,L,H
MT853765,G,287,L,H
MT853765,G,290,L,T
MT853766,G,105,L,P
MT853766,G,110,V,A
MT853766,G,111,P,S
MT853766,G,112,L,P
MT853766,G,114,R,C
MT853766,G,115,L,P
MT853766,G,116,K,E
MT853766,G,120,K,N
MT853766,G,121,S,P
MT853766,G,128,Q,_
MT853766,G,136,C,H
MT853766,G,143,P,S
MT853766,G,149,L,P
MT853766,G,151,H,Y
MT853766,G,152,N,Y
MT853766,G,153,P,L
MT853766,G,155,S,N
MT853766,G,163,T,I
MT853766,G,166,Q,K
MT853766,G,167,A,T
MT853766,G,170,I,T
MT853766,G,179,T,I
MT853766,G,194,L,P
MT853766,G,197,K,R
MT853766,G,204,Q,L
MT853766,G,207,K,R
MT853766,G,209,L,P
MT853766,G,230,L,Q
MT853766,G,236,P,S
MT853766,G,240,P,L
MT853766,G,254,_,E
MT853766,G,257,Y,C
MT853766,G,260,P,T
MT853766,G,263,Q,K
MT853766,G,268,S,T
MT853766,G,272,W,R
MT853766,G,278,L,P
MT853766,G,286,L,H
MT853766,G,287,L,H
MT853766,G,290,L,T
MT853767,G,105,L,P
MT853767,G,110,V,A
MT853767,G,111,P,S
MT853767,G,112,L,P
MT853767,G,114,R,C
MT853767,G,115,L,P
MT853767,G,116,K,E
MT853767,G,120,K,N
MT853767,G,121,S,P
MT853767,G,128,Q,_
MT853767,G,136,C,H
MT853767,G,143,P,S
MT853767,G,149,L,P
MT853767,G,151,H,Y
MT853767,G,152,N,Y
MT853767,G,153,P,L
MT853767,G,155,S,N
MT853767,G,163,T,I
MT853767,G,166,Q,K
MT853767,G,167,A,T
MT853767,G,170,I,T
MT853767,G,179,T,I
MT853767,G,194,L,P
MT853767,G,197,K,R
MT853767,G,204,Q,L
MT853767,G,209,L,P
MT853767,G,230,L,Q
MT853767,G,236,P,S
MT853767,G,240,P,L
MT853767,G,242,K,E
MT853767,G,249,P,L
MT853767,G,254,_,E
MT853767,G,257,Y,C
MT853767,G,263,Q,K
MT853767,G,268,S,T
MT853767,G,272,W,R
MT853767,G,278,L,P
MT853767,G,286,L,H
MT853767,G,287,L,H
MT853767,G,290,L,T
MT853768,G,105,L,P
MT853768,G,110,V,A
MT853768,G,111,P,S
MT853768,G,112,L,P
MT853768,G,114,R,C
MT853768,G,115,L,P
MT853768,G,116,K,E
MT853768,G,120,K,N
MT853768,G,121,S,P
MT853768,G,131,E,V
MT853768,G,132,S,L
MT853768,G,136,C,H
MT853768,G,143,P,S
MT853768,G,149,L,P
MT853768,G,151,H,Y
MT853768,G,152,N,Y
MT853768,G,153,P,L
MT853768,G,155,S,N
MT853768,G,163,T,I
MT853768,G,166,Q,K
MT853768,G,167,A,T
MT853768,G,170,I,T
MT853768,G,179,T,I
MT853768,G,194,L,P
MT853768,G,197,K,R
MT853768,G,204,Q,L
MT853768,G,209,L,P
MT853768,G,230,L,Q
MT853768,G,236,P,S
MT853768,G,237,P,L
MT853768,G,240,P,L
MT853768,G,242,K,E
MT853768,G,249,P,L
MT853768,G,254,_,E
MT853768,G,257,Y,C
MT853768,G,263,Q,K
MT853768,G,268,S,T
MT853768,G,272,W,R
MT853768,G,278,L,P
MT853768,G,286,L,H
MT853768,G,287,L,H
MT853768,G,290,L,T
MT853769,G,110,V,A
MT853769,G,111,P,S
MT853769,G,112,L,P
MT853769,G,114,R,C
MT853769,G,115,L,P
MT853769,G,116,K,E
MT853769,G,120,K,N
MT853769,G,121,S,P
MT853769,G,131,E,V
MT853769,G,132,S,L
MT853769,G,136,C,H
MT853769,G,143,P,S
MT853769,G,149,L,P
MT853769,G,151,H,Y
MT853769,G,152,N,Y
MT853769,G,153,P,L
MT853769,G,155,S,N
MT853769,G,163,T,I
MT853769,G,166,Q,K
MT853769,G,167,A,T
MT853769,G,170,I,T
MT853769,G,179,T,I
MT853769,G,194,L,P
MT853769,G,197,K,R
MT853769,G,204,Q,L
MT853769,G,209,L,P
MT853769,G,230,L,Q
MT853769,G,236,P,S
MT853769,G,237,P,L
MT853769,G,240,P,L
MT853769,G,242,K,E
MT853769,G,249,P,L
MT853769,G,254,_,E
MT853769,G,257,Y,C
MT853769,G,263,Q,K
MT853769,G,268,S,T
MT853769,G,272,W,R
MT853769,G,276,T,A
MT853769,G,278,L,P
MT853769,G,284,Q,_
MT853769,G,286,L,H
MT853769,G,287,L,H
MT853769,G,290,L,I
MT853770,G,105,L,P
MT853770,G,110,V,A
MT853770,G,111,P,S
MT853770,G,112,L,P
MT853770,G,114,R,C
MT853770,G,115,L,P
MT853770,G,116,K,E
MT853770,G,120,K,N
MT853770,G,121,S,P
MT853770,G,131,E,V
MT853770,G,132,S,L
MT853770,G,136,C,H
MT853770,G,143,P,S
MT853770,G,149,L,P
MT853770,G,151,H,Y
MT853770,G,152,N,Y
MT853770,G,153,P,L
MT853770,G,155,S,N
MT853770,G,163,T,I
MT853770,G,166,Q,K
MT853770,G,167,A,T
MT853770,G,170,I,T
MT853770,G,179,T,I
MT853770,G,194,L,P
MT853770,G,197,K,R
MT853770,G,204,Q,L
MT853770,G,209,L,P
MT853770,G,230,L,Q
MT853770,G,236,P,S
MT853770,G,237,P,L
MT853770,G,240,P,L
MT853770,G,242,K,E
MT853770,G,249,P,L
MT853770,G,254,_,E
MT853770,G,257,Y,C
MT853770,G,263,Q,K
MT853770,G,268,S,T
MT853770,G,272,W,R
MT853770,G,278,L,P
MT853770,G,286,L,H
MT853770,G,287,L,H
MT853770,G,290,L,T
MT853771,G,105,L,P
MT853771,G,110,V,A
MT853771,G,111,P,S
MT853771,G,112,L,P
MT853771,G,114,R,C
MT853771,G,115,L,P
MT853771,G,116,K,E
MT853771,G,120,K,N
MT853771,G,121,S,P
MT853771,G,131,E,V
MT853771,G,132,S,L
MT853771,G,136,C,H
MT853771,G,143,P,S
MT853771,G,149,L,P
MT853771,G,151,H,Y
MT853771,G,152,N,Y
MT853771,G,153,P,L
MT853771,G,155,S,N
MT853771,G,163,T,I
MT853771,G,166,Q,K
MT853771,G,167,A,T
MT853771,G,170,I,T
MT853771,G,179,T,I
MT853771,G,194,L,P
MT853771,G,197,K,R
MT853771,G,204,Q,L
MT853771,G,209,L,P
MT853771,G,230,L,Q
MT853771,G,236,P,S
MT853771,G,237,P,L
MT853771,G,240,P,L
MT853771,G,242,K,E
MT853771,G,249,P,L
MT853771,G,254,_,E
MT853771,G,257,Y,C
MT853771,G,263,Q,K
MT853771,G,268,S,T
MT853771,G,272,W,R
MT853771,G,278,L,P
MT853771,G,286,L,H
MT853771,G,287,L,H
MT853771,G,290,L,T
MT853772,G,105,L,P
MT853772,G,110,V,A
MT853772,G,111,P,S
MT853772,G,112,L,P
MT853772,G,114,R,C
MT853772,G,115,L,P
MT853772,G,116,K,E
MT853772,G,120,K,N
MT853772,G,121,S,P
MT853772,G,131,E,V
MT853772,G,132,S,L
MT853772,G,136,C,H
MT853772,G,143,P,S
MT853772,G,149,L,P
MT853772,G,151,H,Y
MT853772,G,152,N,Y
MT853772,G,153,P,L
MT853772,G,155,S,N
MT853772,G,163,T,I
MT853772,G,166,Q,K
MT853772,G,167,A,T
MT853772,G,170,I,T
MT853772,G,179,T,I
MT853772,G,194,L,P
MT853772,G,197,K,R
MT853772,G,204,Q,L
MT853772,G,209,L,P
MT853772,G,230,L,Q
MT853772,G,236,P,S
MT853772,G,237,P,L
MT853772,G,240,P,L
MT853772,G,242,K,E
MT853772,G,249,P,L
MT853772,G,254,_,E
MT853772,G,257,Y,C
MT853772,G,263,Q,K
MT853772,G,268,S,T
MT853772,G,272,W,R
MT853772,G,278,L,P
MT853772,G,286,L,H
MT853772,G,287,L,H
MT853772,G,290,L,T
MT853773,G,105,L,P
MT853773,G,110,V,A
MT853773,G,111,P,S
MT853773,G,112,L,P
MT853773,G,114,R,C
MT853773,G,115,L,P
MT853773,G,116,K,E
MT853773,G,120,K,N
MT853773,G,121,S,P
MT853773,G,131,E,V
MT853773,G,132,S,L
MT853773,G,136,C,H
MT853773,G,143,P,S
MT853773,G,149,L,P
MT853773,G,151,H,Y
MT853773,G,152,N,Y
MT853773,G,153,P,L
MT853773,G,155,S,N
MT853773,G,163,T,I
MT853773,G,166,Q,K
MT853773,G,167,A,I
MT853773,G,170,I,T
MT853773,G,179,T,I
MT853773,G,194,L,P
MT853773,G,197,K,R
MT853773,G,204,Q,L
MT853773,G,209,L,P
MT853773,G,212,P,L
MT853773,G,216,Q,K
MT853773,G,230,L,Q
MT853773,G,236,P,S
MT853773,G,240,P,L
MT853773,G,242,K,E
MT853773,G,254,_,E
MT853773,G,257,Y,C
MT853773,G,263,Q,K
MT853773,G,268,S,T
MT853773,G,272,W,R
MT853773,G,274,P,H
MT853773,G,278,L,P
MT853773,G,282,A,V
MT853773,G,286,L,H
MT853773,G,287,L,H
MT853773,G,290,L,T
MT853774,G,105,L,P
MT853774,G,110,V,A
MT853774,G,111,P,S
MT853774,G,112,L,P
MT853774,G,114,R,C
MT853774,G,115,L,P
MT853774,G,116,K,E
MT853774,G,120,K,N
MT853774,G,121,S,P
MT853774,G,131,E,V
MT853774,G,132,S,L
MT853774,G,136,C,H
MT853774,G,143,P,S
MT853774,G,149,L,P
MT853774,G,151,H,Y
MT853774,G,152,N,Y
MT853774,G,153,P,L
MT853774,G,155,S,N
MT853774,G,163,T,I
MT853774,G,166,Q,K
MT853774,G,167,A,T
MT853774,G,170,I,T
MT853774,G,179,T,I
MT853774,G,194,L,P
MT853774,G,197,K,R
MT853774,G,204,Q,L
MT853774,G,209,L,P
MT853774,G,230,L,Q
MT853774,G,236,P,S
MT853774,G,237,P,L
MT853774,G,240,P,L
MT853774,G,242,K,E
MT853774,G,249,P,L
MT853774,G,254,_,E
MT853774,G,257,Y,C
MT853774,G,263,Q,K
MT853774,G,268,S,T
MT853774,G,272,W,R
MT853774,G,278,L,P
MT853774,G,286,L,H
MT853774,G,287,L,H
MT853774,G,290,L,T
MT853775,G,105,L,P
MT853775,G,110,V,A
MT853775,G,111,P,S
MT853775,G,112,L,P
MT853775,G,114,R,C
MT853775,G,115,L,P
MT853775,G,116,K,E
MT853775,G,120,K,N
MT853775,G,121,S,P
MT853775,G,131,E,V
MT853775,G,132,S,L
MT853775,G,136,C,H
MT853775,G,143,P,S
MT853775,G,146,Q,_
MT853775,G,149,L,P
MT853775,G,151,H,Y
MT853775,G,152,N,Y
MT853775,G,153,P,L
MT853775,G,155,S,N
MT853775,G,163,T,I
MT853775,G,166,Q,K
MT853775,G,167,A,T
MT853775,G,170,I,T
MT853775,G,179,T,I
MT853775,G,194,L,P
MT853775,G,197,K,R
MT853775,G,204,Q,L
MT853775,G,209,L,P
MT853775,G,230,L,Q
MT853775,G,236,P,S
MT853775,G,237,P,L
MT853775,G,240,P,L
MT853775,G,242,K,E
MT853775,G,254,_,E
MT853775,G,257,Y,C
MT853775,G,263,Q,K
MT853775,G,268,S,T
MT853775,G,272,W,R
MT853775,G,278,L,P
MT853775,G,286,L,H
MT853775,G,287,L,H
MT853775,G,290,L,T
MT853776,G,105,L,P
MT853776,G,110,V,A
MT853776,G,111,P,S
MT853776,G,112,L,P
MT853776,G,114,R,C
MT853776,G,115,L,P
MT853776,G,116,K,E
MT853776,G,120,K,N
MT853776,G,121,S,P
MT853776,G,131,E,V
MT853776,G,132,S,L
MT853776,G,136,C,H
MT853776,G,143,P,S
MT853776,G,149,L,P
MT853776,G,151,H,Y
MT853776,G,153,P,L
MT853776,G,155,S,N
MT853776,G,163,T,I
MT853776,G,166,Q,K
MT853776,G,167,A,T
MT853776,G,170,I,T
MT853776,G,179,T,I
MT853776,G,194,L,P
MT853776,G,197,K,R
MT853776,G,204,Q,L
MT853776,G,209,L,S
MT853776,G,230,L,Q
MT853776,G,236,P,S
MT853776,G,254,_,K
MT853776,G,257,Y,C
MT853776,G,268,S,T
MT853776,G,272,W,R
MT853776,G,277,Q,_
MT853776,G,278,L,P
MT853776,G,284,Q,_
MT853776,G,286,L,H
MT853776,G,287,L,H
MT853776,G,290,L,I
MT853776,G,296,H,Y
MT853777,G,105,L,P
MT853777,G,110,V,A
MT853777,G,111,P,S
MT853777,G,112,L,P
MT853777,G,114,R,C
MT853777,G,115,L,P
MT853777,G,116,K,E
MT853777,G,120,K,N
MT853777,G,121,S,P
MT853777,G,131,E,V
MT853777,G,132,S,L
MT853777,G,136,C,H
MT853777,G,143,P,S
MT853777,G,149,L,P
MT853777,G,151,H,Y
MT853777,G,153,P,L
MT853777,G,155,S,N
MT853777,G,163,T,I
MT853777,G,166,Q,K
MT853777,G,167,A,T
MT853777,G,179,T,I
MT853777,G,194,L,P
MT853777,G,197,K,R
MT853777,G,204,Q,L
MT853777,G,209,L,P
MT853777,G,230,L,Q
MT853777,G,236,P,S
MT853777,G,254,_,K
MT853777,G,257,Y,C
MT853777,G,268,S,T
MT853777,G,272,W,R
MT853777,G,277,Q,_
MT853777,G,278,L,P
MT853777,G,284,Q,_
MT853777,G,286,L,H
MT853777,G,287,L,H
MT853777,G,290,L,I
MT853777,G,296,H,Y
MT853778,G,105,L,P
MT853778,G,106,S,C
MT853778,G,110,V,A
MT853778,G,111,P,S
MT853778,G,112,L,P
MT853778,G,114,R,C
MT853778,G,115,L,P
MT853778,G,116,K,E
MT853778,G,120,K,N
MT853778,G,121,S,P
MT853778,G,128,Q,_
MT853778,G,136,C,H
MT853778,G,143,P,S
MT853778,G,149,L,P
MT853778,G,151,H,Y
MT853778,G,152,N,Y
MT853778,G,153,P,L
MT853778,G,155,S,N
MT853778,G,163,T,I
MT853778,G,166,Q,K
MT853778,G,167,A,T
MT853778,G,170,I,T
MT853778,G,179,T,I
MT853778,G,194,L,P
MT853778,G,197,K,R
MT853778,G,204,Q,L
MT853778,G,209,L,P
MT853778,G,219,R,K
MT853778,G,230,L,Q
MT853778,G,236,P,S
MT853778,G,240,P,L
MT853778,G,254,_,E
MT853778,G,257,Y,C
MT853778,G,268,S,T
MT853778,G,272,W,R
MT853778,G,278,L,P
MT853778,G,284,Q,_
MT853778,G,286,L,H
MT853778,G,287,L,H
MT853778,G,290,L,I
MT853778,G,296,H,Y
MT853779,G,105,L,P
MT853779,G,110,V,A
MT853779,G,111,P,S
MT853779,G,112,L,P
MT853779,G,114,R,C
MT853779,G,115,L,P
MT853779,G,116,K,E
MT853779,G,120,K,N
MT853779,G,121,S,P
MT853779,G,125,_,Q
MT853779,G,136,C,H
MT853779,G,143,P,S
MT853779,G,149,L,P
MT853779,G,151,H,Y
MT853779,G,153,P,L
MT853779,G,155,S,N
MT853779,G,163,T,I
MT853779,G,166,Q,K
MT853779,G,167,A,T
MT853779,G,170,I,T
MT853779,G,179,T,I
MT853779,G,183,A,V
MT853779,G,194,L,P
MT853779,G,197,K,R
MT853779,G,204,Q,L
MT853779,G,209,L,P
MT853779,G,230,L,Q
MT853779,G,236,P,S
MT853779,G,254,_,E
MT853779,G,257,Y,C
MT853779,G,268,S,T
MT853779,G,272,W,R
MT853779,G,278,L,P
MT853779,G,280,P,S
MT853779,G,284,Q,_
MT853779,G,286,L,H
MT853779,G,287,L,H
MT853779,G,290,L,I
MT853779,G,296,H,Y
MT853780,G,105,L,P
MT853780,G,106,S,C
MT853780,G,110,V,A
MT853780,G,111,P,S
MT853780,G,112,L,P
MT853780,G,114,R,C
MT853780,G,115,L,P
MT853780,G,116,K,E
MT853780,G,120,K,N
MT853780,G,121,S,P
MT853780,G,128,Q,_
MT853780,G,136,C,H
MT853780,G,143,P,S
MT853780,G,149,L,P
MT853780,G,151,H,Y
MT853780,G,152,N,Y
MT853780,G,153,P,L
MT853780,G,155,S,N
MT853780,G,163,T,I
MT853780,G,166,Q,K
MT853780,G,167,A,T
MT853780,G,170,I,T
MT853780,G,179,T,I
MT853780,G,194,L,P
MT853780,G,197,K,R
MT853780,G,204,Q,L
MT853780,G,209,L,P
MT853780,G,219,R,K
MT853780,G,230,L,Q
MT853780,G,236,P,S
MT853780,G,240,P,L
MT853780,G,254,_,E
MT853780,G,257,Y,C
MT853780,G,268,S,T
MT853780,G,272,W,R
MT853780,G,278,L,P
MT853780,G,284,Q,_
MT853780,G,286,L,H
MT853780,G,287,L,H
MT853780,G,290,L,I
MT853780,G,296,H,Y
MT853781,G,105,L,P
MT853781,G,110,V,A
MT853781,G,111,P,S
MT853781,G,112,L,P
MT853781,G,114,R,C
MT853781,G,115,L,P
MT853781,G,116,K,E
MT853781,G,120,K,N
MT853781,G,121,S,P
MT853781,G,128,Q,_
MT853781,G,136,C,H
MT853781,G,143,P,S
MT853781,G,149,L,P
MT853781,G,151,H,Y
MT853781,G,152,N,Y
MT853781,G,153,P,L
MT853781,G,155,S,N
MT853781,G,163,T,I
MT853781,G,166,Q,K
MT853781,G,167,A,T
MT853781,G,170,I,T
MT853781,G,179,T,I
MT853781,G,194,L,P
MT853781,G,197,K,R
MT853781,G,204,Q,L
MT853781,G,209,L,P
MT853781,G,230,L,Q
MT853781,G,236,P,S
MT853781,G,240,P,L
MT853781,G,254,_,E
MT853781,G,257,Y,C
MT853781,G,268,S,T
MT853781,G,272,W,R
MT853781,G,278,L,P
MT853781,G,284,Q,_
MT853781,G,286,L,H
MT853781,G,287,L,H
MT853781,G,290,L,I
MT853781,G,296,H,Y
MT853782,G,105,L,P
MT853782,G,110,V,A
MT853782,G,111,P,S
MT853782,G,112,L,P
MT853782,G,114,R,C
MT853782,G,115,L,P
MT853782,G,116,K,E
MT853782,G,120,K,N
MT853782,G,121,S,P
MT853782,G,128,Q,_
MT853782,G,136,C,H
MT853782,G,143,P,S
MT853782,G,149,L,P
MT853782,G,151,H,Y
MT853782,G,152,N,Y
MT853782,G,153,P,L
MT853782,G,155,S,N
MT853782,G,163,T,I
MT853782,G,166,Q,K
MT853782,G,167,A,T
MT853782,G,170,I,T
MT853782,G,179,T,I
MT853782,G,194,L,P
MT853782,G,197,K,R
MT853782,G,204,Q,L
MT853782,G,209,L,P
MT853782,G,230,L,Q
MT853782,G,236,P,S
MT853782,G,240,P,L
MT853782,G,254,_,E
MT853782,G,257,Y,C
MT853782,G,268,S,T
MT853782,G,272,W,R
MT853782,G,278,L,P
MT853782,G,284,Q,_
MT853782,G,286,L,H
MT853782,G,287,L,H
MT853782,G,290,L,I
MT853782,G,296,H,Y
MT853783,G,105,L,P
MT853783,G,110,V,A
MT853783,G,111,P,S
MT853783,G,112,L,P
MT853783,G,114,R,C
MT853783,G,115,L,P
MT853783,G,116,K,E
MT853783,G,120,K,N
MT853783,G,121,S,P
MT853783,G,128,Q,_
MT853783,G,136,C,H
MT853783,G,143,P,S
MT853783,G,149,L,P
MT853783,G,151,H,Y
MT853783,G,152,N,Y
MT853783,G,153,P,L
MT853783,G,163,T,I
MT853783,G,166,Q,K
MT853783,G,167,A,T
MT853783,G,170,I,T
MT853783,G,179,T,I
MT853783,G,194,L,P
MT853783,G,197,K,R
MT853783,G,204,Q,L
MT853783,G,209,L,P
MT853783,G,230,L,Q
MT853783,G,236,P,S
MT853783,G,240,P,L
MT853783,G,254,_,E
MT853783,G,257,Y,C
MT853783,G,260,P,T
MT853783,G,268,S,T
MT853783,G,272,W,R
MT853783,G,278,L,P
MT853783,G,284,Q,_
MT853783,G,286,L,H
MT853783,G,287,L,H
MT853783,G,290,L,I
MT853783,G,296,H,Y
MT853784,G,105,L,P
MT853784,G,110,V,A
MT853784,G,111,P,S
MT853784,G,112,L,P
MT853784,G,114,R,C
MT853784,G,115,L,P
MT853784,G,116,K,E
MT853784,G,120,K,N
MT853784,G,121,S,P
MT853784,G,125,_,Q
MT853784,G,136,C,H
MT853784,G,143,P,S
MT853784,G,149,L,P
MT853784,G,151,H,Y
MT853784,G,153,P,L
MT853784,G,155,S,N
MT853784,G,163,T,I
MT853784,G,166,Q,K
MT853784,G,167,A,T
MT853784,G,170,I,T
MT853784,G,179,T,I
MT853784,G,183,A,V
MT853784,G,194,L,P
MT853784,G,197,K,R
MT853784,G,204,Q,L
MT853784,G,209,L,P
MT853784,G,230,L,Q
MT853784,G,236,P,S
MT853784,G,254,_,E
MT853784,G,257,Y,C
MT853784,G,268,S,T
MT853784,G,272,W,R
MT853784,G,278,L,P
MT853784,G,284,Q,_
MT853784,G,286,L,H
MT853784,G,287,L,H
MT853784,G,290,L,I
MT853784,G,296,H,Y
MT853785,G,105,L,P
MT853785,G,110,V,A
MT853785,G,111,P,S
MT853785,G,112,L,P
MT853785,G,114,R,C
MT853785,G,115,L,P
MT853785,G,116,K,E
MT853785,G,120,K,N
MT853785,G,121,S,P
MT853785,G,125,_,Q
MT853785,G,136,C,H
MT853785,G,143,P,S
MT853785,G,149,L,P
MT853785,G,151,H,Y
MT853785,G,153,P,L
MT853785,G,155,S,N
MT853785,G,163,T,I
MT853785,G,166,Q,K
MT853785,G,167,A,T
MT853785,G,170,I,T
MT853785,G,176,K,R
MT853785,G,179,T,I
MT853785,G,183,A,V
MT853785,G,194,L,P
MT853785,G,197,K,R
MT853785,G,204,Q,L
MT853785,G,209,L,P
MT853785,G,230,L,Q
MT853785,G,236,P,S
MT853785,G,254,_,E
MT853785,G,257,Y,C
MT853785,G,268,S,T
MT853785,G,272,W,R
MT853785,G,278,L,P
MT853785,G,284,Q,_
MT853785,G,286,L,H
MT853785,G,287,L,H
MT853785,G,290,L,I
MT853785,G,296,H,Y
MT853786,G,105,L,P
MT853786,G,110,V,A
MT853786,G,111,P,S
MT853786,G,112,L,P
MT853786,G,114,R,C
MT853786,G,115,L,P
MT853786,G,116,K,E
MT853786,G,120,K,N
MT853786,G,121,S,P
MT853786,G,125,_,Q
MT853786,G,136,C,H
MT853786,G,143,P,S
MT853786,G,149,L,P
MT853786,G,151,H,Y
MT853786,G,153,P,L
MT853786,G,155,S,N
MT853786,G,163,T,I
MT853786,G,166,Q,K
MT853786,G,167,A,T
MT853786,G,170,I,T
MT853786,G,179,T,I
MT853786,G,183,A,V
MT853786,G,194,L,P
MT853786,G,197,K,R
MT853786,G,204,Q,L
MT853786,G,209,L,P
MT853786,G,230,L,Q
MT853786,G,236,P,S
MT853786,G,254,_,E
MT853786,G,257,Y,C
MT853786,G,268,S,T
MT853786,G,272,W,R
MT853786,G,278,L,P
MT853786,G,284,Q,_
MT853786,G,286,L,H
MT853786,G,287,L,H
MT853786,G,290,L,I
MT853786,G,296,H,Y
MT853787,G,105,L,P
MT853787,G,110,V,A
MT853787,G,111,P,S
MT853787,G,112,L,P
MT853787,G,114,R,C
MT853787,G,115,L,P
MT853787,G,116,K,E
MT853787,G,120,K,N
MT853787,G,121,S,P
MT853787,G,128,Q,_
MT853787,G,136,C,H
MT853787,G,143,P,S
MT853787,G,149,L,P
MT853787,G,151,H,Y
MT853787,G,152,N,Y
MT853787,G,153,P,L
MT853787,G,155,S,N
MT853787,G,163,T,I
MT853787,G,166,Q,K
MT853787,G,167,A,T
MT853787,G,170,I,T
MT853787,G,179,T,I
MT853787,G,194,L,P
MT853787,G,197,K,R
MT853787,G,204,Q,L
MT853787,G,209,L,P
MT853787,G,212,P,L
MT853787,G,230,L,Q
MT853787,G,236,P,S
MT853787,G,240,P,L
MT853787,G,254,_,E
MT853787,G,255,L,P
MT853787,G,257,Y,C
MT853787,G,268,S,T
MT853787,G,272,W,R
MT853787,G,278,L,P
MT853787,G,284,Q,_
MT853787,G,286,L,H
MT853787,G,287,L,H
MT853787,G,290,L,I
MT853787,G,296,H,Y
MT853788,G,105,L,P
MT853788,G,110,V,A
MT853788,G,111,P,S
MT853788,G,112,L,P
MT853788,G,114,R,C
MT853788,G,115,L,P
MT853788,G,116,K,E
MT853788,G,120,K,N
MT853788,G,121,S,P
MT853788,G,128,Q,_
MT853788,G,136,C,H
MT853788,G,143,P,S
MT853788,G,149,L,P
MT853788,G,151,H,Y
MT853788,G,152,N,Y
MT853788,G,153,P,L
MT853788,G,163,T,I
MT853788,G,166,Q,K
MT853788,G,167,A,T
MT853788,G,170,I,T
MT853788,G,179,T,I
MT853788,G,194,L,P
MT853788,G,197,K,R
MT853788,G,204,Q,L
MT853788,G,209,L,P
MT853788,G,230,L,Q
MT853788,G,236,P,S
MT853788,G,240,P,L
MT853788,G,254,_,E
MT853788,G,257,Y,C
MT853788,G,260,P,T
MT853788,G,268,S,T
MT853788,G,272,W,R
MT853788,G,278,L,P
MT853788,G,284,Q,_
MT853788,G,286,L,H
MT853788,G,287,L,H
MT853788,G,290,L,I
MT853788,G,296,H,Y
MT853789,G,105,L,P
MT853789,G,110,V,A
MT853789,G,111,P,S
MT853789,G,112,L,P
MT853789,G,114,R,C
MT853789,G,115,L,P
MT853789,G,120,K,N
MT853789,G,121,S,P
MT853789,G,128,Q,_
MT853789,G,133,S,R
MT853789,G,136,C,H
MT853789,G,143,P,S
MT853789,G,149,L,P
MT853789,G,151,H,Y
MT853789,G,152,N,Y
MT853789,G,153,P,L
MT853789,G,155,S,N
MT853789,G,163,T,I
MT853789,G,166,Q,K
MT853789,G,167,A,T
MT853789,G,170,I,T
MT853789,G,179,T,I
MT853789,G,194,L,P
MT853789,G,197,K,R
MT853789,G,204,Q,L
MT853789,G,209,L,P
MT853789,G,230,L,Q
MT853789,G,236,P,S
MT853789,G,240,P,L
MT853789,G,254,_,E
MT853789,G,257,Y,C
MT853789,G,268,S,T
MT853789,G,272,W,R
MT853789,G,278,L,P
MT853789,G,284,Q,_
MT853789,G,286,L,H
MT853789,G,287,L,H
MT853789,G,290,L,I
MT853789,G,296,H,Y
MT853790,G,105,L,P
MT853790,G,110,V,A
MT853790,G,111,P,S
MT853790,G,112,L,P
MT853790,G,114,R,C
MT853790,G,115,L,P
MT853790,G,116,K,E
MT853790,G,120,K,N
MT853790,G,121,S,P
MT853790,G,128,Q,_
MT853790,G,136,C,H
MT853790,G,143,P,S
MT853790,G,149,L,P
MT853790,G,151,H,Y
MT853790,G,152,N,Y
MT853790,G,153,P,L
MT853790,G,155,S,N
MT853790,G,163,T,I
MT853790,G,166,Q,K
MT853790,G,167,A,T
MT853790,G,170,I,T
MT853790,G,179,T,I
MT853790,G,194,L,P
MT853790,G,197,K,R
MT853790,G,204,Q,L
MT853790,G,209,L,P
MT853790,G,212,P,L
MT853790,G,230,L,Q
MT853790,G,236,P,S
MT853790,G,240,P,L
MT853790,G,254,_,E
MT853790,G,257,Y,C
MT853790,G,268,S,T
MT853790,G,272,W,R
MT853790,G,278,L,P
MT853790,G,284,Q,_
MT853790,G,286,L,H
MT853790,G,287,L,H
MT853790,G,290,L,I
MT853790,G,296,H,Y
MT853791,G,105,L,P
MT853791,G,110,V,A
MT853791,G,111,P,S
MT853791,G,112,L,P
MT853791,G,114,R,C
MT853791,G,115,L,P
MT853791,G,116,K,E
MT853791,G,120,K,N
MT853791,G,121,S,P
MT853791,G,128,Q,_
MT853791,G,136,C,H
MT853791,G,143,P,S
MT853791,G,149,L,P
MT853791,G,151,H,Y
MT853791,G,152,N,Y
MT853791,G,153,P,L
MT853791,G,155,S,N
MT853791,G,163,T,I
MT853791,G,164,N,S
MT853791,G,166,Q,K
MT853791,G,167,A,T
MT853791,G,170,I,T
MT853791,G,179,T,I
MT853791,G,194,L,P
MT853791,G,197,K,R
MT853791,G,204,Q,L
MT853791,G,209,L,P
MT853791,G,230,L,Q
MT853791,G,236,P,S
MT853791,G,254,_,E
MT853791,G,257,Y,C
MT853791,G,268,S,T
MT853791,G,272,W,R
MT853791,G,278,L,P
MT853791,G,284,Q,_
MT853791,G,286,L,H
MT853791,G,287,L,H
MT853791,G,290,L,I
MT853791,G,296,H,Y
MT853792,G,105,L,P
MT853792,G,110,V,A
MT853792,G,111,P,S
MT853792,G,112,L,P
MT853792,G,114,R,C
MT853792,G,115,L,P
MT853792,G,116,K,E
MT853792,G,120,K,N
MT853792,G,121,S,P
MT853792,G,128,Q,_
MT853792,G,136,C,H
MT853792,G,143,P,S
MT853792,G,149,L,P
MT853792,G,151,H,Y
MT853792,G,152,N,Y
MT853792,G,153,P,L
MT853792,G,155,S,N
MT853792,G,163,T,I
MT853792,G,166,Q,K
MT853792,G,167,A,T
MT853792,G,170,I,T
MT853792,G,179,T,I
MT853792,G,194,L,P
MT853792,G,197,K,R
MT853792,G,204,Q,L
MT853792,G,205,E,K
MT853792,G,209,L,P
MT853792,G,230,L,Q
MT853792,G,236,P,S
MT853792,G,240,P,L
MT853792,G,244,Q,_
MT853792,G,254,_,E
MT853792,G,257,Y,C
MT853792,G,268,S,T
MT853792,G,272,W,R
MT853792,G,278,L,P
MT853792,G,284,Q,_
MT853792,G,286,L,H
MT853792,G,287,L,H
MT853792,G,290,L,I
MT853792,G,296,H,Y
MT853793,G,111,P,L
MT853793,G,114,R,C
MT853793,G,115,L,P
MT853793,G,116,K,E
MT853793,G,120,K,N
MT853793,G,121,S,P
MT853793,G,128,Q,_
MT853793,G,136,C,H
MT853793,G,143,P,S
MT853793,G,149,L,P
MT853793,G,151,H,Y
MT853793,G,152,N,Y
MT853793,G,153,P,L
MT853793,G,155,S,N
MT853793,G,162,K,E
MT853793,G,163,T,I
MT853793,G,166,Q,K
MT853793,G,167,A,T
MT853793,G,170,I,T
MT853793,G,179,T,I
MT853793,G,194,L,P
MT853793,G,197,K,R
MT853793,G,204,Q,L
MT853793,G,209,L,P
MT853793,G,230,L,Q
MT853793,G,236,P,S
MT853793,G,240,P,L
MT853793,G,254,_,E
MT853793,G,257,Y,C
MT853793,G,268,S,T
MT853793,G,272,W,R
MT853793,G,278,L,P
MT853793,G,284,Q,_
MT853793,G,286,L,H
MT853793,G,287,L,H
MT853793,G,290,L,I
MT853793,G,296,H,Y
MT853794,G,110,V,A
MT853794,G,111,P,S
MT853794,G,112,L,P
MT853794,G,114,R,C
MT853794,G,115,L,P
MT853794,G,120,K,N
MT853794,G,121,S,P
MT853794,G,128,Q,_
MT853794,G,133,S,R
MT853794,G,136,C,H
MT853794,G,143,P,S
MT853794,G,149,L,P
MT853794,G,151,H,Y
MT853794,G,152,N,Y
MT853794,G,153,P,L
MT853794,G,155,S,N
MT853794,G,163,T,I
MT853794,G,166,Q,K
MT853794,G,167,A,T
MT853794,G,170,I,T
MT853794,G,179,T,I
MT853794,G,194,L,P
MT853794,G,197,K,R
MT853794,G,204,Q,L
MT853794,G,209,L,P
MT853794,G,230,L,Q
MT853794,G,236,P,S
MT853794,G,240,P,L
MT853794,G,254,_,E
MT853794,G,257,Y,C
MT853794,G,268,S,T
MT853794,G,272,W,R
MT853794,G,278,L,P
MT853794,G,284,Q,_
MT853794,G,286,L,H
MT853794,G,287,L,H
MT853794,G,290,L,I
MT853794,G,296,H,Y
MT853795,G,143,P,S
MT853795,G,149,L,P
MT853795,G,151,H,Y
MT853795,G,152,N,Y
MT853795,G,153,P,L
MT853795,G,155,S,N
MT853795,G,163,T,I
MT853795,G,166,Q,K
MT853795,G,167,A,T
MT853795,G,170,I,T
MT853795,G,179,T,I
MT853795,G,194,L,P
MT853795,G,197,K,R
MT853795,G,204,Q,L
MT853795,G,209,L,P
MT853795,G,229,P,S
MT853795,G,230,L,Q
MT853795,G,236,P,S
MT853795,G,240,P,L
MT853795,G,254,_,E
MT853795,G,257,Y,C
MT853795,G,268,S,T
MT853795,G,272,W,R
MT853795,G,278,L,P
MT853795,G,284,Q,_
MT853795,G,286,L,H
MT853795,G,287,L,H
MT853795,G,290,L,I
MT853795,G,296,H,Y
MT853796,G,111,P,L
MT853796,G,114,R,C
MT853796,G,115,L,P
MT853796,G,116,K,E
MT853796,G,120,K,N
MT853796,G,121,S,P
MT853796,G,128,Q,_
MT853796,G,136,C,H
MT853796,G,143,P,S
MT853796,G,149,L,P
MT853796,G,151,H,Y
MT853796,G,152,N,Y
MT853796,G,153,P,L
MT853796,G,155,S,N
MT853796,G,163,T,I
MT853796,G,166,Q,K
MT853796,G,167,A,T
MT853796,G,170,I,T
MT853796,G,179,T,I
MT853796,G,194,L,P
MT853796,G,197,K,R
MT853796,G,204,Q,L
MT853796,G,209,L,P
MT853796,G,230,L,Q
MT853796,G,236,P,S
MT853796,G,240,P,L
MT853796,G,254,_,E
MT853796,G,257,Y,C
MT853796,G,268,S,T
MT853796,G,272,W,R
MT853796,G,278,L,P
MT853796,G,284,Q,_
MT853796,G,286,L,H
MT853796,G,287,L,H
MT853796,G,290,L,I
MT853796,G,296,H,Y
MT853797,G,110,V,A
MT853797,G,111,P,S
MT853797,G,112,L,P
MT853797,G,114,R,C
MT853797,G,115,L,P
MT853797,G,117,L,P
MT853797,G,120,K,N
MT853797,G,121,S,P
MT853797,G,128,Q,_
MT853797,G,133,S,R
MT853797,G,136,C,H
MT853797,G,143,P,S
MT853797,G,149,L,P
MT853797,G,151,H,Y
MT853797,G,152,N,Y
MT853797,G,153,P,L
MT853797,G,155,S,N
MT853797,G,163,T,I
MT853797,G,166,Q,K
MT853797,G,167,A,T
MT853797,G,170,I,T
MT853797,G,179,T,I
MT853797,G,194,L,P
MT853797,G,197,K,R
MT853797,G,204,Q,L
MT853797,G,209,L,P
MT853797,G,230,L,Q
MT853797,G,236,P,S
MT853797,G,240,P,L
MT853797,G,254,_,E
MT853797,G,257,Y,C
MT853797,G,268,S,T
MT853797,G,272,W,R
MT853797,G,278,L,P
MT853797,G,284,Q,_
MT853797,G,286,L,H
MT853797,G,287,L,H
MT853797,G,290,L,I
MT853797,G,296,H,Y
MT853798,G,105,L,P
MT853798,G,110,V,A
MT853798,G,111,P,S
MT853798,G,112,L,P
MT853798,G,114,R,C
MT853798,G,115,L,P
MT853798,G,120,K,N
MT853798,G,121,S,P
MT853798,G,128,Q,_
MT853798,G,133,S,R
MT853798,G,136,C,H
MT853798,G,143,P,S
MT853798,G,149,L,P
MT853798,G,151,H,Y
MT853798,G,152,N,Y
MT853798,G,153,P,L
MT853798,G,155,S,N
MT853798,G,163,T,I
MT853798,G,166,Q,K
MT853798,G,167,A,T
MT853798,G,170,I,T
MT853798,G,179,T,I
MT853798,G,194,L,P
MT853798,G,197,K,R
MT853798,G,204,Q,L
MT853798,G,209,L,P
MT853798,G,230,L,Q
MT853798,G,236,P,S
MT853798,G,240,P,L
MT853798,G,254,_,E
MT853798,G,257,Y,C
MT853798,G,268,S,T
MT853798,G,272,W,R
MT853798,G,278,L,P
MT853798,G,284,Q,_
MT853798,G,286,L,H
MT853798,G,287,L,H
MT853798,G,290,L,I
MT853798,G,296,H,Y
MT853799,G,105,L,P
MT853799,G,110,V,A
MT853799,G,111,P,S
MT853799,G,112,L,P
MT853799,G,114,R,C
MT853799,G,115,L,P
MT853799,G,120,K,N
MT853799,G,121,S,P
MT853799,G,128,Q,_
MT853799,G,133,S,R
MT853799,G,136,C,H
MT853799,G,142,R,G
MT853799,G,143,P,S
MT853799,G,149,L,P
MT853799,G,151,H,Y
MT853799,G,152,N,Y
MT853799,G,153,P,L
MT853799,G,155,S,N
MT853799,G,163,T,I
MT853799,G,166,Q,K
MT853799,G,167,A,T
MT853799,G,170,I,T
MT853799,G,179,T,I
MT853799,G,194,L,P
MT853799,G,197,K,R
MT853799,G,204,Q,L
MT853799,G,209,L,P
MT853799,G,230,L,Q
MT853799,G,236,P,S
MT853799,G,240,P,L
MT853799,G,254,_,E
MT853799,G,257,Y,C
MT853799,G,268,S,T
MT853799,G,272,W,R
MT853799,G,278,L,P
MT853799,G,284,Q,_
MT853799,G,286,L,H
MT853799,G,287,L,H
MT853799,G,290,L,I
MT853799,G,296,H,Y
MT853800,G,105,L,P
MT853800,G,110,V,A
MT853800,G,111,P,S
MT853800,G,112,L,P
MT853800,G,114,R,C
MT853800,G,115,L,P
MT853800,G,120,K,N
MT853800,G,121,S,P
MT853800,G,128,Q,_
MT853800,G,136,C,H
MT853800,G,143,P,S
MT853800,G,149,L,P
MT853800,G,151,H,Y
MT853800,G,152,N,Y
MT853800,G,153,P,L
MT853800,G,155,S,N
MT853800,G,161,A,T
MT853800,G,163,T,I
MT853800,G,166,Q,K
MT853800,G,167,A,T
MT853800,G,170,I,T
MT853800,G,179,T,I
MT853800,G,194,L,P
MT853800,G,197,K,R
MT853800,G,204,Q,L
MT853800,G,209,L,P
MT853800,G,230,L,Q
MT853800,G,232,Q,P
MT853800,G,236,P,S
MT853800,G,238,P,S
MT853800,G,240,P,L
MT853800,G,254,_,E
MT853800,G,257,Y,C
MT853800,G,268,S,T
MT853800,G,272,W,R
MT853800,G,278,L,P
MT853800,G,286,L,H
MT853800,G,287,L,H
MT853800,G,290,L,I
MT853800,G,296,H,Y
MT853801,G,105,L,P
MT853801,G,110,V,A
MT853801,G,111,P,S
MT853801,G,112,L,P
MT853801,G,114,R,C
MT853801,G,115,L,P
MT853801,G,120,K,N
MT853801,G,121,S,P
MT853801,G,128,Q,_
MT853801,G,133,S,R
MT853801,G,136,C,H
MT853801,G,143,P,S
MT853801,G,149,L,P
MT853801,G,151,H,Y
MT853801,G,152,N,Y
MT853801,G,153,P,L
MT853801,G,155,S,N
MT853801,G,166,Q,K
MT853801,G,167,A,T
MT853801,G,170,I,T
MT853801,G,179,T,I
MT853801,G,194,L,P
MT853801,G,197,K,R
MT853801,G,204,Q,L
MT853801,G,209,L,P
MT853801,G,230,L,Q
MT853801,G,236,P,S
MT853801,G,240,P,L
MT853801,G,254,_,E
MT853801,G,257,Y,C
MT853801,G,268,S,T
MT853801,G,272,W,R
MT853801,G,278,L,P
MT853801,G,284,Q,_
MT853801,G,286,L,H
MT853801,G,287,L,H
MT853801,G,290,L,I
MT853801,G,296,H,Y
MT853802,G,105,L,P
MT853802,G,110,V,A
MT853802,G,111,P,S
MT853802,G,112,L,P
MT853802,G,114,R,C
MT853802,G,115,L,P
MT853802,G,116,K,E
MT853802,G,120,K,N
MT853802,G,121,S,P
MT853802,G,128,Q,_
MT853802,G,136,C,H
MT853802,G,143,P,S
MT853802,G,149,L,P
MT853802,G,151,H,Y
MT853802,G,152,N,Y
MT853802,G,153,P,L
MT853802,G,155,S,N
MT853802,G,163,T,I
MT853802,G,166,Q,K
MT853802,G,167,A,T
MT853802,G,170,I,T
MT853802,G,179,T,I
MT853802,G,194,L,P
MT853802,G,197,K,R
MT853802,G,204,Q,P
MT853802,G,205,E,K
MT853802,G,209,L,P
MT853802,G,230,L,Q
MT853802,G,236,P,S
MT853802,G,240,P,L
MT853802,G,244,Q,_
MT853802,G,254,_,E
MT853802,G,257,Y,C
MT853802,G,268,S,T
MT853802,G,272,W,R
MT853802,G,278,L,P
MT853802,G,284,Q,_
MT853802,G,286,L,H
MT853802,G,287,L,H
MT853802,G,290,L,I
MT853802,G,296,H,Y
MT853803,G,110,V,A
MT853803,G,111,P,S
MT853803,G,112,L,P
MT853803,G,114,R,C
MT853803,G,115,L,P
MT853803,G,116,K,E
MT853803,G,120,K,N
MT853803,G,121,S,P
MT853803,G,131,E,V
MT853803,G,132,S,L
MT853803,G,136,C,H
MT853803,G,143,P,S
MT853803,G,147,Q,P
MT853803,G,149,L,P
MT853803,G,151,H,Y
MT853803,G,153,P,L
MT853803,G,155,S,N
MT853803,G,161,A,T
MT853803,G,163,T,I
MT853803,G,166,Q,K
MT853803,G,167,A,T
MT853803,G,170,I,T
MT853803,G,179,T,I
MT853803,G,194,L,P
MT853803,G,197,K,R
MT853803,G,204,Q,L
MT853803,G,209,L,P
MT853803,G,230,L,Q
MT853803,G,236,P,S
MT853803,G,246,S,L
MT853803,G,254,_,E
MT853803,G,257,Y,C
MT853803,G,268,S,T
MT853803,G,272,W,R
MT853803,G,278,L,P
MT853803,G,286,L,H
MT853803,G,287,L,H
MT853803,G,290,L,I
MT853804,G,105,L,P
MT853804,G,110,V,A
MT853804,G,111,P,S
MT853804,G,112,L,P
MT853804,G,114,R,C
MT853804,G,115,L,P
MT853804,G,120,K,N
MT853804,G,121,S,P
MT853804,G,128,Q,_
MT853804,G,133,S,R
MT853804,G,136,C,H
MT853804,G,143,P,S
MT853804,G,149,L,P
MT853804,G,151,H,Y
MT853804,G,152,N,Y
MT853804,G,153,P,L
MT853804,G,155,S,N
MT853804,G,163,T,I
MT853804,G,166,Q,K
MT853804,G,167,A,T
MT853804,G,170,I,T
MT853804,G,179,T,I
MT853804,G,194,L,P
MT853804,G,197,K,R
MT853804,G,204,Q,L
MT853804,G,209,L,P
MT853804,G,230,L,Q
MT853804,G,236,P,S
MT853804,G,240,P,L
MT853804,G,254,_,E
MT853804,G,257,Y,C
MT853804,G,268,S,T
MT853804,G,272,W,R
MT853804,G,278,L,P
MT853804,G,284,Q,_
MT853804,G,286,L,H
MT853804,G,287,L,H
MT853804,G,290,L,I
MT853804,G,296,H,Y
MT853805,G,105,L,P
MT853805,G,110,V,A
MT853805,G,111,P,S
MT853805,G,112,L,P
MT853805,G,114,R,C
MT853805,G,115,L,P
MT853805,G,116,K,E
MT853805,G,120,K,N
MT853805,G,121,S,P
MT853805,G,131,E,V
MT853805,G,132,S,L
MT853805,G,136,C,H
MT853805,G,140,Q,_
MT853805,G,143,P,S
MT853805,G,149,L,P
MT853805,G,151,H,Y
MT853805,G,152,N,Y
MT853805,G,153,P,L
MT853805,G,155,S,N
MT853805,G,163,T,I
MT853805,G,166,Q,K
MT853805,G,167,A,T
MT853805,G,170,I,T
MT853805,G,179,T,I
MT853805,G,197,K,R
MT853805,G,204,Q,L
MT853805,G,209,L,P
MT853805,G,227,L,F
MT853805,G,230,L,Q
MT853805,G,236,P,S
MT853805,G,240,P,L
MT853805,G,254,_,E
MT853805,G,257,Y,C
MT853805,G,268,S,T
MT853805,G,272,W,R
MT853805,G,278,L,P
MT853805,G,284,Q,_
MT853805,G,286,L,H
MT853805,G,287,L,H
MT853805,G,290,L,I
MT853805,G,296,H,Y
MT853806,G,105,L,P
MT853806,G,110,V,A
MT853806,G,111,P,S
MT853806,G,112,L,P
MT853806,G,114,R,C
MT853806,G,115,L,P
MT853806,G,120,K,N
MT853806,G,121,S,P
MT853806,G,128,Q,_
MT853806,G,133,S,R
MT853806,G,136,C,H
MT853806,G,143,P,S
MT853806,G,149,L,P
MT853806,G,151,H,Y
MT853806,G,152,N,Y
MT853806,G,153,P,L
MT853806,G,155,S,N
MT853806,G,163,T,I
MT853806,G,166,Q,K
MT853806,G,167,A,T
MT853806,G,170,I,T
MT853806,G,179,T,I
MT853806,G,194,L,P
MT853806,G,197,K,R
MT853806,G,204,Q,L
MT853806,G,209,L,P
MT853806,G,230,L,Q
MT853806,G,236,P,S
MT853806,G,240,P,L
MT853806,G,254,_,E
MT853806,G,257,Y,C
MT853806,G,268,S,T
MT853806,G,272,W,R
MT853806,G,278,L,P
MT853806,G,286,L,H
MT853806,G,287,L,H
MT853806,G,290,L,I
MT853806,G,296,H,Y
MT853807,G,105,L,P
MT853807,G,110,V,A
MT853807,G,111,P,S
MT853807,G,112,L,P
MT853807,G,114,R,C
MT853807,G,115,L,P
MT853807,G,120,K,N
MT853807,G,121,S,P
MT853807,G,128,Q,_
MT853807,G,133,S,R
MT853807,G,136,C,H
MT853807,G,143,P,S
MT853807,G,149,L,P
MT853807,G,151,H,Y
MT853807,G,152,N,Y
MT853807,G,153,P,L
MT853807,G,155,S,N
MT853807,G,163,T,I
MT853807,G,166,Q,K
MT853807,G,167,A,T
MT853807,G,170,I,T
MT853807,G,179,T,I
MT853807,G,194,L,P
MT853807,G,197,K,R
MT853807,G,204,Q,L
MT853807,G,209,L,P
MT853807,G,230,L,Q
MT853807,G,236,P,S
MT853807,G,240,P,L
MT853807,G,254,_,E
MT853807,G,257,Y,C
MT853807,G,268,S,T
MT853807,G,272,W,R
MT853807,G,278,L,P
MT853807,G,284,Q,_
MT853807,G,286,L,H
MT853807,G,287,L,H
MT853807,G,290,L,I
MT853807,G,296,H,Y
MT853808,G,105,L,P
MT853808,G,111,P,L
MT853808,G,114,R,C
MT853808,G,115,L,P
MT853808,G,116,K,E
MT853808,G,120,K,N
MT853808,G,121,S,P
MT853808,G,128,Q,_
MT853808,G,136,C,H
MT853808,G,143,P,S
MT853808,G,149,L,P
MT853808,G,151,H,Y
MT853808,G,152,N,Y
MT853808,G,153,P,L
MT853808,G,155,S,N
MT853808,G,163,T,I
MT853808,G,166,Q,K
MT853808,G,167,A,T
MT853808,G,170,I,T
MT853808,G,179,T,I
MT853808,G,194,L,P
MT853808,G,197,K,R
MT853808,G,204,Q,L
MT853808,G,209,L,P
MT853808,G,230,L,Q
MT853808,G,236,P,S
MT853808,G,240,P,L
MT853808,G,254,_,E
MT853808,G,257,Y,C
MT853808,G,268,S,T
MT853808,G,272,W,R
MT853808,G,278,L,P
MT853808,G,284,Q,_
MT853808,G,286,L,H
MT853808,G,287,L,H
MT853808,G,290,L,I
MT853808,G,296,H,Y
MT853809,G,105,L,P
MT853809,G,110,V,A
MT853809,G,111,P,S
MT853809,G,112,L,P
MT853809,G,114,R,C
MT853809,G,115,L,P
MT853809,G,120,K,N
MT853809,G,121,S,P
MT853809,G,128,Q,_
MT853809,G,136,C,H
MT853809,G,143,P,S
MT853809,G,149,L,P
MT853809,G,151,H,Y
MT853809,G,152,N,Y
MT853809,G,153,P,L
MT853809,G,155,S,N
MT853809,G,161,A,T
MT853809,G,163,T,I
MT853809,G,166,Q,K
MT853809,G,167,A,T
MT853809,G,170,I,T
MT853809,G,179,T,I
MT853809,G,194,L,P
MT853809,G,197,K,R
MT853809,G,204,Q,L
MT853809,G,209,L,P
MT853809,G,230,L,Q
MT853809,G,236,P,S
MT853809,G,240,P,L
MT853809,G,254,_,V
MT853809,G,257,Y,C
MT853809,G,268,S,T
MT853809,G,272,W,R
MT853809,G,278,L,P
MT853809,G,280,P,S
MT853809,G,284,Q,_
MT853809,G,286,L,Y
MT853809,G,287,L,H
MT853809,G,290,L,I
MT853809,G,296,H,Y
MT853810,G,105,L,P
MT853810,G,110,V,A
MT853810,G,111,P,S
MT853810,G,112,L,P
MT853810,G,114,R,C
MT853810,G,115,L,P
MT853810,G,116,K,E
MT853810,G,120,K,N
MT853810,G,121,S,P
MT853810,G,128,Q,_
MT853810,G,136,C,H
MT853810,G,143,P,S
MT853810,G,149,L,P
MT853810,G,151,H,Y
MT853810,G,152,N,Y
MT853810,G,153,P,L
MT853810,G,163,T,I
MT853810,G,166,Q,K
MT853810,G,167,A,T
MT853810,G,170,I,T
MT853810,G,179,T,I
MT853810,G,194,L,P
MT853810,G,197,K,R
MT853810,G,204,Q,L
MT853810,G,209,L,P
MT853810,G,230,L,Q
MT853810,G,236,P,S
MT853810,G,240,P,L
MT853810,G,254,_,E
MT853810,G,257,Y,C
MT853810,G,260,P,T
MT853810,G,268,S,T
MT853810,G,272,W,R
MT853810,G,273,K,I
MT853810,G,278,L,P
MT853810,G,284,Q,_
MT853810,G,286,L,H
MT853810,G,287,L,H
MT853810,G,290,L,I
MT853810,G,296,H,Y
MT853811,G,105,L,P
MT853811,G,110,V,A
MT853811,G,111,P,S
MT853811,G,112,L,P
MT853811,G,114,R,C
MT853811,G,115,L,P
MT853811,G,120,K,N
MT853811,G,121,S,P
MT853811,G,128,Q,_
MT853811,G,133,S,R
MT853811,G,136,C,H
MT853811,G,143,P,S
MT853811,G,149,L,P
MT853811,G,151,H,Y
MT853811,G,152,N,Y
MT853811,G,153,P,L
MT853811,G,155,S,N
MT853811,G,163,T,I
MT853811,G,166,Q,K
MT853811,G,167,A,T
MT853811,G,170,I,T
MT853811,G,179,T,I
MT853811,G,194,L,P
MT853811,G,197,K,R
MT853811,G,204,Q,L
MT853811,G,209,L,P
MT853811,G,230,L,Q
MT853811,G,236,P,S
MT853811,G,240,P,L
MT853811,G,254,_,E
MT853811,G,257,Y,C
MT853811,G,265,I,V
MT853811,G,267,N,S
MT853811,G,268,S,T
MT853811,G,269,Q,R
MT853811,G,271,K,G
MT853811,G,272,W,R
MT853811,G,273,K,I
MT853811,G,278,L,P
MT853811,G,284,Q,R
MT853811,G,286,L,H
MT853811,G,287,L,H
MT853811,G,290,L,I
MT853811,G,296,H,Y
MT853812,G,105,L,P
MT853812,G,110,V,A
MT853812,G,111,P,S
MT853812,G,112,L,P
MT853812,G,114,R,C
MT853812,G,115,L,P
MT853812,G,120,K,N
MT853812,G,121,S,P
MT853812,G,128,Q,_
MT853812,G,136,C,H
MT853812,G,143,P,S
MT853812,G,149,L,P
MT853812,G,151,H,Y
MT853812,G,152,N,Y
MT853812,G,153,P,L
MT853812,G,155,S,N
MT853812,G,163,T,I
MT853812,G,166,Q,K
MT853812,G,167,A,T
MT853812,G,170,I,T
MT853812,G,179,T,I
MT853812,G,194,L,P
MT853812,G,197,K,R
MT853812,G,204,Q,L
MT853812,G,209,L,P
MT853812,G,230,L,Q
MT853812,G,236,P,S
MT853812,G,240,P,L
MT853812,G,254,_,V
MT853812,G,257,Y,C
MT853812,G,268,S,T
MT853812,G,272,W,R
MT853812,G,278,L,P
MT853812,G,284,Q,_
MT853812,G,286,L,H
MT853812,G,287,L,H
MT853812,G,290,L,I
MT853812,G,296,H,Y
MT853813,G,105,L,P
MT853813,G,107,L,S
MT853813,G,110,V,A
MT853813,G,111,P,S
MT853813,G,112,L,P
MT853813,G,114,R,C
MT853813,G,115,L,P
MT853813,G,120,K,N
MT853813,G,121,S,P
MT853813,G,128,Q,_
MT853813,G,136,C,H
MT853813,G,143,P,S
MT853813,G,149,L,P
MT853813,G,151,H,Y
MT853813,G,152,N,Y
MT853813,G,153,P,L
MT853813,G,155,S,N
MT853813,G,163,T,I
MT853813,G,166,Q,K
MT853813,G,167,A,T
MT853813,G,170,I,T
MT853813,G,179,T,I
MT853813,G,194,L,P
MT853813,G,197,K,R
MT853813,G,204,Q,L
MT853813,G,209,L,P
MT853813,G,230,L,Q
MT853813,G,236,P,S
MT853813,G,240,P,L
MT853813,G,254,_,E
MT853813,G,257,Y,C
MT853813,G,268,S,T
MT853813,G,272,W,R
MT853813,G,278,L,P
MT853813,G,284,Q,_
MT853813,G,286,L,H
MT853813,G,287,L,H
MT853813,G,290,L,I
MT853813,G,296,H,Y
MT853814,G,105,L,P
MT853814,G,110,V,A
MT853814,G,111,P,S
MT853814,G,112,L,P
MT853814,G,114,R,C
MT853814,G,115,L,P
MT853814,G,120,K,N
MT853814,G,121,S,P
MT853814,G,128,Q,_
MT853814,G,133,S,R
MT853814,G,136,C,H
MT853814,G,143,P,S
MT853814,G,149,L,P
MT853814,G,151,H,Y
MT853814,G,152,N,Y
MT853814,G,153,P,L
MT853814,G,155,S,N
MT853814,G,163,T,I
MT853814,G,166,Q,K
MT853814,G,167,A,T
MT853814,G,170,I,T
MT853814,G,179,T,I
MT853814,G,194,L,P
MT853814,G,197,K,R
MT853814,G,204,Q,L
MT853814,G,209,L,P
MT853814,G,230,L,Q
MT853814,G,236,P,S
MT853814,G,240,P,L
MT853814,G,244,Q,L
MT853814,G,254,_,E
MT853814,G,255,L,P
MT853814,G,257,Y,C
MT853814,G,268,S,T
MT853814,G,271,K,G
MT853814,G,272,W,R
MT853814,G,273,K,I
MT853814,G,278,L,P
MT853814,G,286,L,H
MT853814,G,287,L,H
MT853814,G,290,L,I
MT853814,G,296,H,Y
MT853815,G,105,L,P
MT853815,G,111,P,L
MT853815,G,114,R,C
MT853815,G,115,L,P
MT853815,G,116,K,E
MT853815,G,120,K,N
MT853815,G,121,S,P
MT853815,G,128,Q,_
MT853815,G,136,C,H
MT853815,G,143,P,S
MT853815,G,149,L,P
MT853815,G,151,H,Y
MT853815,G,152,N,Y
MT853815,G,153,P,L
MT853815,G,155,S,N
MT853815,G,163,T,I
MT853815,G,166,Q,K
MT853815,G,167,A,T
MT853815,G,170,I,T
MT853815,G,179,T,I
MT853815,G,194,L,P
MT853815,G,197,K,R
MT853815,G,204,Q,L
MT853815,G,209,L,P
MT853815,G,230,L,Q
MT853815,G,236,P,S
MT853815,G,240,P,L
MT853815,G,254,_,E
MT853815,G,257,Y,C
MT853815,G,268,S,T
MT853815,G,272,W,R
MT853815,G,278,L,P
MT853815,G,284,Q,_
MT853815,G,286,L,H
MT853815,G,287,L,H
MT853815,G,290,L,I
MT853815,G,296,H,Y
MT853816,G,105,L,P
MT853816,G,110,V,A
MT853816,G,111,P,S
MT853816,G,112,L,P
MT853816,G,114,R,C
MT853816,G,120,K,N
MT853816,G,121,S,P
MT853816,G,128,Q,_
MT853816,G,133,S,R
MT853816,G,136,C,H
MT853816,G,143,P,S
MT853816,G,149,L,P
MT853816,G,151,H,Y
MT853816,G,152,N,Y
MT853816,G,153,P,L
MT853816,G,155,S,N
MT853816,G,163,T,I
MT853816,G,166,Q,K
MT853816,G,167,A,T
MT853816,G,170,I,T
MT853816,G,179,T,I
MT853816,G,194,L,P
MT853816,G,197,K,R
MT853816,G,204,Q,L
MT853816,G,209,L,P
MT853816,G,230,L,Q
MT853816,G,236,P,S
MT853816,G,240,P,L
MT853816,G,254,_,E
MT853816,G,257,Y,C
MT853816,G,268,S,T
MT853816,G,272,W,R
MT853816,G,278,L,P
MT853816,G,284,Q,_
MT853816,G,286,L,H
MT853816,G,287,L,H
MT853816,G,290,L,I
MT853816,G,296,H,Y
MT853817,G,105,L,P
MT853817,G,110,V,A
MT853817,G,111,P,S
MT853817,G,112,L,P
MT853817,G,114,R,C
MT853817,G,115,L,P
MT853817,G,120,K,N
MT853817,G,121,S,P
MT853817,G,128,Q,_
MT853817,G,133,S,R
MT853817,G,136,C,H
MT853817,G,143,P,S
MT853817,G,149,L,P
MT853817,G,151,H,Y
MT853817,G,152,N,Y
MT853817,G,153,P,L
MT853817,G,155,S,N
MT853817,G,163,T,I
MT853817,G,166,Q,K
MT853817,G,167,A,T
MT853817,G,170,I,T
MT853817,G,179,T,I
MT853817,G,194,L,P
MT853817,G,197,K,R
MT853817,G,204,Q,L
MT853817,G,209,L,P
MT853817,G,230,L,Q
MT853817,G,236,P,S
MT853817,G,240,P,L
MT853817,G,254,_,E
MT853817,G,257,Y,C
MT853817,G,268,S,T
MT853817,G,271,K,G
MT853817,G,272,W,R
MT853817,G,278,L,P
MT853817,G,284,Q,_
MT853817,G,286,L,H
MT853817,G,287,L,H
MT853817,G,290,L,I
MT853817,G,296,H,Y
MT853818,G,105,L,P
MT853818,G,110,V,A
MT853818,G,111,P,S
MT853818,G,112,L,P
MT853818,G,114,R,C
MT853818,G,115,L,P
MT853818,G,120,K,N
MT853818,G,121,S,P
MT853818,G,128,Q,_
MT853818,G,133,S,R
MT853818,G,136,C,H
MT853818,G,143,P,S
MT853818,G,149,L,P
MT853818,G,151,H,Y
MT853818,G,152,N,Y
MT853818,G,153,P,L
MT853818,G,155,S,N
MT853818,G,163,T,I
MT853818,G,166,Q,K
MT853818,G,167,A,T
MT853818,G,170,I,T
MT853818,G,179,T,I
MT853818,G,194,L,P
MT853818,G,197,K,R
MT853818,G,204,Q,L
MT853818,G,209,L,P
MT853818,G,230,L,Q
MT853818,G,236,P,S
MT853818,G,240,P,L
MT853818,G,250,K,E
MT853818,G,254,_,E
MT853818,G,256,H,L
MT853818,G,257,Y,C
MT853818,G,268,S,T
MT853818,G,272,W,R
MT853818,G,273,K,R
MT853818,G,277,Q,R
MT853818,G,278,L,P
MT853818,G,284,Q,_
MT853818,G,286,L,H
MT853818,G,287,L,H
MT853818,G,290,L,I
MT853818,G,296,H,Y
MT853819,G,105,L,P
MT853819,G,110,V,A
MT853819,G,111,P,S
MT853819,G,112,L,P
MT853819,G,114,R,C
MT853819,G,115,L,P
MT853819,G,120,K,N
MT853819,G,121,S,P
MT853819,G,128,Q,_
MT853819,G,133,S,R
MT853819,G,136,C,H
MT853819,G,143,P,S
MT853819,G,149,L,P
MT853819,G,151,H,Y
MT853819,G,152,N,Y
MT853819,G,153,P,L
MT853819,G,155,S,N
MT853819,G,163,T,I
MT853819,G,166,Q,K
MT853819,G,167,A,T
MT853819,G,170,I,T
MT853819,G,179,T,I
MT853819,G,194,L,P
MT853819,G,197,K,R
MT853819,G,204,Q,L
MT853819,G,209,L,P
MT853819,G,230,L,Q
MT853819,G,236,P,S
MT853819,G,240,P,L
MT853819,G,254,_,E
MT853819,G,257,Y,C
MT853819,G,264,E,D
MT853819,G,265,I,V
MT853819,G,268,S,T
MT853819,G,269,Q,R
MT853819,G,271,K,R
MT853819,G,272,W,R
MT853819,G,273,K,R
MT853819,G,278,L,P
MT853819,G,284,Q,_
MT853819,G,286,L,H
MT853819,G,287,L,H
MT853819,G,290,L,I
MT853819,G,296,H,Y
MT853820,G,105,L,P
MT853820,G,110,V,A
MT853820,G,111,P,S
MT853820,G,112,L,P
MT853820,G,114,R,C
MT853820,G,115,L,P
MT853820,G,120,K,N
MT853820,G,121,S,P
MT853820,G,128,Q,_
MT853820,G,133,S,R
MT853820,G,136,C,H
MT853820,G,141,S,P
MT853820,G,143,P,S
MT853820,G,149,L,P
MT853820,G,151,H,Y
MT853820,G,152,N,Y
MT853820,G,153,P,L
MT853820,G,155,S,N
MT853820,G,163,T,I
MT853820,G,166,Q,K
MT853820,G,167,A,T
MT853820,G,170,I,T
MT853820,G,179,T,I
MT853820,G,194,L,P
MT853820,G,197,K,R
MT853820,G,204,Q,L
MT853820,G,209,L,P
MT853820,G,230,L,Q
MT853820,G,236,P,S
MT853820,G,240,P,L
MT853820,G,254,_,E
MT853820,G,257,Y,C
MT853820,G,268,S,T
MT853820,G,272,W,R
MT853820,G,278,L,P
MT853820,G,284,Q,_
MT853820,G,286,L,H
MT853820,G,287,L,H
MT853820,G,290,L,I
MT853820,G,296,H,Y
MT853821,G,105,L,P
MT853821,G,110,V,A
MT853821,G,111,P,S
MT853821,G,112,L,P
MT853821,G,114,R,C
MT853821,G,115,L,P
MT853821,G,116,K,E
MT853821,G,120,K,N
MT853821,G,121,S,P
MT853821,G,128,Q,_
MT853821,G,136,C,H
MT853821,G,143,P,S
MT853821,G,149,L,P
MT853821,G,151,H,Y
MT853821,G,152,N,Y
MT853821,G,153,P,L
MT853821,G,155,S,N
MT853821,G,163,T,I
MT853821,G,166,Q,K
MT853821,G,167,A,T
MT853821,G,170,I,T
MT853821,G,179,T,I
MT853821,G,194,L,P
MT853821,G,197,K,R
MT853821,G,204,Q,L
MT853821,G,209,L,P
MT853821,G,230,L,Q
MT853821,G,236,P,S
MT853821,G,240,P,L
MT853821,G,254,_,E
MT853821,G,257,Y,C
MT853821,G,268,S,T
MT853821,G,272,W,R
MT853821,G,278,L,P
MT853821,G,284,Q,_
MT853821,G,286,L,H
MT853821,G,287,L,H
MT853821,G,290,L,I
MT853821,G,296,H,Y
MT853822,G,105,L,P
MT853822,G,110,V,A
MT853822,G,111,P,S
MT853822,G,112,L,P
MT853822,G,114,R,C
MT853822,G,115,L,P
MT853822,G,121,S,P
MT853822,G,128,Q,_
MT853822,G,133,S,R
MT853822,G,136,C,H
MT853822,G,143,P,S
MT853822,G,149,L,P
MT853822,G,151,H,Y
MT853822,G,152,N,Y
MT853822,G,153,P,L
MT853822,G,155,S,N
MT853822,G,163,T,I
MT853822,G,166,Q,K
MT853822,G,167,A,T
MT853822,G,170,I,T
MT853822,G,179,T,I
MT853822,G,194,L,P
MT853822,G,197,K,R
MT853822,G,204,Q,L
MT853822,G,209,L,P
MT853822,G,211,S,N
MT853822,G,230,L,Q
MT853822,G,236,P,S
MT853822,G,240,P,L
MT853822,G,254,_,E
MT853822,G,257,Y,C
MT853822,G,268,S,T
MT853822,G,272,W,R
MT853822,G,278,L,P
MT853822,G,284,Q,_
MT853822,G,286,L,H
MT853822,G,287,L,H
MT853822,G,290,L,I
MT853822,G,296,H,Y
MT853823,G,105,L,P
MT853823,G,110,V,A
MT853823,G,111,P,S
MT853823,G,112,L,P
MT853823,G,114,R,C
MT853823,G,115,L,P
MT853823,G,121,S,P
MT853823,G,128,Q,_
MT853823,G,133,S,R
MT853823,G,136,C,H
MT853823,G,143,P,S
MT853823,G,145,T,I
MT853823,G,149,L,P
MT853823,G,151,H,Y
MT853823,G,152,N,Y
MT853823,G,153,P,L
MT853823,G,155,S,N
MT853823,G,163,T,I
MT853823,G,166,Q,K
MT853823,G,167,A,T
MT853823,G,170,I,T
MT853823,G,179,T,I
MT853823,G,194,L,P
MT853823,G,197,K,R
MT853823,G,204,Q,L
MT853823,G,209,L,P
MT853823,G,211,S,N
MT853823,G,230,L,Q
MT853823,G,236,P,S
MT853823,G,240,P,L
MT853823,G,254,_,E
MT853823,G,257,Y,C
MT853823,G,268,S,T
MT853823,G,272,W,R
MT853823,G,278,L,P
MT853823,G,284,Q,_
MT853823,G,286,L,H
MT853823,G,287,L,H
MT853823,G,290,L,I
MT853823,G,296,H,Y
MT853824,G,105,L,P
MT853824,G,110,V,A
MT853824,G,111,P,S
MT853824,G,112,L,P
MT853824,G,114,R,C
MT853824,G,115,L,P
MT853824,G,121,S,P
MT853824,G,128,Q,_
MT853824,G,133,S,R
MT853824,G,136,C,H
MT853824,G,143,P,S
MT853824,G,149,L,P
MT853824,G,151,H,Y
MT853824,G,152,N,Y
MT853824,G,153,P,L
MT853824,G,155,S,N
MT853824,G,163,T,I
MT853824,G,166,Q,K
MT853824,G,167,A,T
MT853824,G,170,I,T
MT853824,G,179,T,I
MT853824,G,194,L,P
MT853824,G,197,K,R
MT853824,G,204,Q,L
MT853824,G,209,L,P
MT853824,G,211,S,N
MT853824,G,230,L,Q
MT853824,G,236,P,S
MT853824,G,240,P,L
MT853824,G,254,_,E
MT853824,G,257,Y,C
MT853824,G,265,I,V
MT853824,G,267,N,C
MT853824,G,268,S,T
MT853824,G,271,K,R
MT853824,G,273,K,
MT853824,G,278,L,P
MT853824,G,284,Q,_
MT853824,G,286,L,H
MT853824,G,287,L,H
MT853824,G,290,L,I
MT853824,G,292,H,P
MT853824,G,296,H,Y
MT853825,G,105,L,P
MT853825,G,110,V,A
MT853825,G,111,P,S
MT853825,G,112,L,P
MT853825,G,114,R,C
MT853825,G,115,L,P
MT853825,G,120,K,N
MT853825,G,121,S,P
MT853825,G,128,Q,_
MT853825,G,133,S,R
MT853825,G,136,C,H
MT853825,G,143,P,S
MT853825,G,149,L,P
MT853825,G,151,H,Y
MT853825,G,152,N,Y
MT853825,G,153,P,L
MT853825,G,155,S,N
MT853825,G,163,T,I
MT853825,G,166,Q,K
MT853825,G,167,A,T
MT853825,G,170,I,T
MT853825,G,179,T,I
MT853825,G,194,L,P
MT853825,G,197,K,R
MT853825,G,204,Q,L
MT853825,G,209,L,P
MT853825,G,230,L,Q
MT853825,G,236,P,S
MT853825,G,240,P,L
MT853825,G,254,_,E
MT853825,G,257,Y,C
MT853825,G,268,S,T
MT853825,G,272,W,R
MT853825,G,273,K,R
MT853825,G,278,L,P
MT853825,G,284,Q,_
MT853825,G,286,L,H
MT853825,G,287,L,H
MT853825,G,290,L,I
MT853825,G,296,H,Y
MT853826,G,105,L,P
MT853826,G,107,L,S
MT853826,G,110,V,A
MT853826,G,111,P,S
MT853826,G,112,L,P
MT853826,G,114,R,C
MT853826,G,115,L,P
MT853826,G,120,K,N
MT853826,G,121,S,P
MT853826,G,128,Q,_
MT853826,G,133,S,R
MT853826,G,136,C,H
MT853826,G,143,P,S
MT853826,G,149,L,P
MT853826,G,151,H,Y
MT853826,G,152,N,Y
MT853826,G,153,P,L
MT853826,G,155,S,N
MT853826,G,163,T,I
MT853826,G,166,Q,K
MT853826,G,167,A,T
MT853826,G,170,I,T
MT853826,G,179,T,I
MT853826,G,194,L,P
MT853826,G,197,K,R
MT853826,G,204,Q,L
MT853826,G,209,L,P
MT853826,G,230,L,Q
MT853826,G,236,P,S
MT853826,G,240,P,L
MT853826,G,254,_,E
MT853826,G,257,Y,C
MT853826,G,268,S,T
MT853826,G,272,W,R
MT853826,G,278,L,P
MT853826,G,284,Q,_
MT853826,G,286,L,H
MT853826,G,287,L,H
MT853826,G,290,L,I
MT853826,G,296,H,Y
MT853827,G,105,L,P
MT853827,G,110,V,A
MT853827,G,111,P,S
MT853827,G,112,L,P
MT853827,G,114,R,C
MT853827,G,115,L,P
MT853827,G,120,K,N
MT853827,G,121,S,P
MT853827,G,128,Q,_
MT853827,G,133,S,R
MT853827,G,136,C,H
MT853827,G,143,P,S
MT853827,G,149,L,P
MT853827,G,151,H,Y
MT853827,G,152,N,Y
MT853827,G,153,P,L
MT853827,G,155,S,N
MT853827,G,163,T,I
MT853827,G,166,Q,K
MT853827,G,167,A,T
MT853827,G,170,I,T
MT853827,G,179,T,I
MT853827,G,194,L,P
MT853827,G,197,K,R
MT853827,G,204,Q,L
MT853827,G,209,L,P
MT853827,G,230,L,Q
MT853827,G,236,P,S
MT853827,G,240,P,L
MT853827,G,254,_,E
MT853827,G,257,Y,C
MT853827,G,268,S,T
MT853827,G,272,W,R
MT853827,G,273,K,R
MT853827,G,278,L,P
MT853827,G,286,L,H
MT853827,G,287,L,H
MT853827,G,290,L,T
MT853827,G,296,H,Y
MT853828,G,105,L,P
MT853828,G,110,V,A
MT853828,G,111,P,S
MT853828,G,112,L,P
MT853828,G,114,R,C
MT853828,G,115,L,P
MT853828,G,120,K,N
MT853828,G,121,S,P
MT853828,G,131,E,V
MT853828,G,132,S,L
MT853828,G,133,S,R
MT853828,G,136,C,H
MT853828,G,143,P,S
MT853828,G,149,L,P
MT853828,G,151,H,Y
MT853828,G,152,N,Y
MT853828,G,153,P,L
MT853828,G,155,S,N
MT853828,G,163,T,I
MT853828,G,166,Q,K
MT853828,G,167,A,T
MT853828,G,170,I,T
MT853828,G,179,T,I
MT853828,G,194,L,P
MT853828,G,197,K,R
MT853828,G,204,Q,L
MT853828,G,209,L,P
MT853828,G,230,L,Q
MT853828,G,236,P,S
MT853828,G,240,P,L
MT853828,G,254,_,E
MT853828,G,257,Y,C
MT853828,G,268,S,T
MT853828,G,272,W,R
MT853828,G,278,L,P
MT853828,G,284,Q,_
MT853828,G,286,L,H
MT853828,G,287,L,H
MT853828,G,290,L,I
MT853828,G,296,H,Y
MT853829,G,105,L,P
MT853829,G,110,V,A
MT853829,G,111,P,S
MT853829,G,112,L,P
MT853829,G,114,R,C
MT853829,G,115,L,P
MT853829,G,116,K,E
MT853829,G,120,K,N
MT853829,G,121,S,P
MT853829,G,128,Q,_
MT853829,G,136,C,H
MT853829,G,143,P,S
MT853829,G,149,L,P
MT853829,G,151,H,Y
MT853829,G,152,N,Y
MT853829,G,153,P,L
MT853829,G,155,S,N
MT853829,G,163,T,I
MT853829,G,166,Q,K
MT853829,G,167,A,T
MT853829,G,170,I,T
MT853829,G,179,T,I
MT853829,G,194,L,P
MT853829,G,197,K,R
MT853829,G,204,Q,L
MT853829,G,209,L,P
MT853829,G,230,L,Q
MT853829,G,236,P,S
MT853829,G,240,P,L
MT853829,G,254,_,E
MT853829,G,257,Y,C
MT853829,G,268,S,T
MT853829,G,272,W,R
MT853829,G,278,L,P
MT853829,G,284,Q,_
MT853829,G,286,L,H
MT853829,G,287,L,H
MT853829,G,290,L,I
MT853829,G,292,H,P
MT853829,G,296,H,Y
MT853830,G,105,L,P
MT853830,G,110,V,A
MT853830,G,111,P,S
MT853830,G,112,L,P
MT853830,G,114,R,C
MT853830,G,115,L,P
MT853830,G,121,S,P
MT853830,G,128,Q,_
MT853830,G,133,S,R
MT853830,G,136,C,H
MT853830,G,143,P,S
MT853830,G,149,L,P
MT853830,G,151,H,Y
MT853830,G,152,N,Y
MT853830,G,153,P,L
MT853830,G,155,S,N
MT853830,G,163,T,I
MT853830,G,166,Q,K
MT853830,G,167,A,T
MT853830,G,170,I,T
MT853830,G,179,T,I
MT853830,G,194,L,P
MT853830,G,197,K,R
MT853830,G,204,Q,L
MT853830,G,209,L,P
MT853830,G,211,S,N
MT853830,G,230,L,Q
MT853830,G,236,P,S
MT853830,G,240,P,L
MT853830,G,254,_,E
MT853830,G,257,Y,C
MT853830,G,268,S,T
MT853830,G,272,W,R
MT853830,G,273,K,R
MT853830,G,278,L,P
MT853830,G,284,Q,_
MT853830,G,286,L,H
MT853830,G,287,L,H
MT853830,G,290,L,I
MT853830,G,296,H,Y
MT853831,G,105,L,P
MT853831,G,110,V,A
MT853831,G,111,P,S
MT853831,G,112,L,P
MT853831,G,114,R,C
MT853831,G,115,L,P
MT853831,G,120,K,N
MT853831,G,121,S,P
MT853831,G,128,Q,_
MT853831,G,133,S,R
MT853831,G,136,C,H
MT853831,G,143,P,S
MT853831,G,149,L,P
MT853831,G,151,H,Y
MT853831,G,152,N,Y
MT853831,G,153,P,L
MT853831,G,155,S,N
MT853831,G,163,T,I
MT853831,G,166,Q,K
MT853831,G,167,A,T
MT853831,G,170,I,T
MT853831,G,179,T,I
MT853831,G,194,L,P
MT853831,G,197,K,R
MT853831,G,204,Q,L
MT853831,G,209,L,P
MT853831,G,230,L,Q
MT853831,G,236,P,S
MT853831,G,240,P,L
MT853831,G,254,_,E
MT853831,G,257,Y,C
MT853831,G,268,S,T
MT853831,G,272,W,R
MT853831,G,278,L,P
MT853831,G,286,L,H
MT853831,G,287,L,H
MT853831,G,290,L,I
MT853831,G,296,H,Y
MT853832,G,105,L,P
MT853832,G,111,P,L
MT853832,G,114,R,C
MT853832,G,115,L,P
MT853832,G,116,K,E
MT853832,G,120,K,N
MT853832,G,121,S,P
MT853832,G,128,Q,_
MT853832,G,136,C,H
MT853832,G,143,P,S
MT853832,G,149,L,P
MT853832,G,151,H,Y
MT853832,G,152,N,Y
MT853832,G,153,P,L
MT853832,G,155,S,N
MT853832,G,163,T,I
MT853832,G,166,Q,K
MT853832,G,167,A,T
MT853832,G,170,I,T
MT853832,G,179,T,I
MT853832,G,194,L,P
MT853832,G,197,K,R
MT853832,G,204,Q,L
MT853832,G,209,L,P
MT853832,G,230,L,Q
MT853832,G,236,P,S
MT853832,G,240,P,L
MT853832,G,254,_,E
MT853832,G,257,Y,C
MT853832,G,268,S,T
MT853832,G,272,W,R
MT853832,G,278,L,P
MT853832,G,284,Q,_
MT853832,G,286,L,H
MT853832,G,287,L,H
MT853832,G,290,L,I
MT853832,G,296,H,Y
MT853833,G,105,L,P
MT853833,G,110,V,A
MT853833,G,111,P,S
MT853833,G,112,L,P
MT853833,G,114,R,C
MT853833,G,115,L,P
MT853833,G,116,K,E
MT853833,G,120,K,N
MT853833,G,121,S,P
MT853833,G,131,E,V
MT853833,G,132,S,L
MT853833,G,136,C,H
MT853833,G,143,P,S
MT853833,G,149,L,P
MT853833,G,151,H,Y
MT853833,G,153,P,L
MT853833,G,155,S,N
MT853833,G,163,T,I
MT853833,G,166,Q,K
MT853833,G,167,A,T
MT853833,G,170,I,T
MT853833,G,179,T,I
MT853833,G,184,A,V
MT853833,G,194,L,P
MT853833,G,197,K,R
MT853833,G,204,Q,L
MT853833,G,209,L,P
MT853833,G,230,L,Q
MT853833,G,233,R,K
MT853833,G,236,P,S
MT853833,G,254,_,E
MT853833,G,257,Y,C
MT853833,G,268,S,T
MT853833,G,272,W,R
MT853833,G,276,T,A
MT853833,G,278,L,P
MT853833,G,284,Q,_
MT853833,G,286,L,H
MT853833,G,287,L,H
MT853833,G,290,L,I
MT853833,G,296,H,Y
MT853834,G,105,L,P
MT853834,G,110,V,A
MT853834,G,111,P,S
MT853834,G,112,L,P
MT853834,G,114,R,C
MT853834,G,115,L,P
MT853834,G,116,K,E
MT853834,G,131,E,V
MT853834,G,132,S,L
MT853834,G,136,C,H
MT853834,G,143,P,S
MT853834,G,147,Q,P
MT853834,G,149,L,P
MT853834,G,151,H,Y
MT853834,G,153,P,L
MT853834,G,155,S,N
MT853834,G,163,T,I
MT853834,G,166,Q,K
MT853834,G,167,A,T
MT853834,G,170,I,T
MT853834,G,179,T,I
MT853834,G,194,L,P
MT853834,G,197,K,R
MT853834,G,204,Q,L
MT853834,G,209,L,P
MT853834,G,230,L,Q
MT853834,G,236,P,S
MT853834,G,246,S,L
MT853834,G,254,_,E
MT853834,G,257,Y,C
MT853834,G,268,S,T
MT853834,G,272,W,R
MT853834,G,278,L,P
MT853834,G,286,L,H
MT853834,G,287,L,H
MT853834,G,290,L,I
MT853835,G,105,L,P
MT853835,G,110,V,A
MT853835,G,111,P,S
MT853835,G,112,L,P
MT853835,G,114,R,C
MT853835,G,115,L,P
MT853835,G,116,K,E
MT853835,G,120,K,N
MT853835,G,121,S,P
MT853835,G,131,E,V
MT853835,G,132,S,L
MT853835,G,136,C,H
MT853835,G,143,P,S
MT853835,G,149,L,P
MT853835,G,151,H,Y
MT853835,G,153,P,L
MT853835,G,155,S,N
MT853835,G,162,K,N
MT853835,G,163,T,I
MT853835,G,166,Q,K
MT853835,G,167,A,T
MT853835,G,170,I,T
MT853835,G,179,T,I
MT853835,G,184,A,V
MT853835,G,194,L,P
MT853835,G,197,K,R
MT853835,G,204,Q,L
MT853835,G,209,L,P
MT853835,G,230,L,Q
MT853835,G,233,R,K
MT853835,G,236,P,S
MT853835,G,254,_,E
MT853835,G,257,Y,C
MT853835,G,268,S,T
MT853835,G,272,W,R
MT853835,G,278,L,P
MT853835,G,284,Q,_
MT853835,G,286,L,H
MT853835,G,287,L,H
MT853835,G,290,L,I
MT853835,G,296,H,Y
MT853836,G,105,L,P
MT853836,G,110,V,A
MT853836,G,111,P,S
MT853836,G,112,L,P
MT853836,G,114,R,C
MT853836,G,115,L,Q
MT853836,G,116,K,E
MT853836,G,120,K,N
MT853836,G,121,S,P
MT853836,G,131,E,V
MT853836,G,132,S,L
MT853836,G,136,C,H
MT853836,G,143,P,S
MT853836,G,149,L,P
MT853836,G,151,H,Y
MT853836,G,153,P,L
MT853836,G,155,S,N
MT853836,G,163,T,I
MT853836,G,166,Q,K
MT853836,G,167,A,T
MT853836,G,170,I,T
MT853836,G,179,T,I
MT853836,G,184,A,V
MT853836,G,194,L,P
MT853836,G,197,K,R
MT853836,G,204,Q,L
MT853836,G,209,L,P
MT853836,G,230,L,Q
MT853836,G,233,R,K
MT853836,G,236,P,S
MT853836,G,254,_,E
MT853836,G,257,Y,C
MT853836,G,266,Q,_
MT853836,G,268,S,T
MT853836,G,272,W,R
MT853836,G,278,L,P
MT853836,G,284,Q,_
MT853836,G,286,L,H
MT853836,G,287,L,H
MT853836,G,290,L,I
MT853836,G,296,H,Y
MT853837,G,105,L,P
MT853837,G,110,V,A
MT853837,G,111,P,S
MT853837,G,112,L,P
MT853837,G,114,R,C
MT853837,G,115,L,P
MT853837,G,116,K,E
MT853837,G,120,K,N
MT853837,G,121,S,P
MT853837,G,131,E,V
MT853837,G,132,S,L
MT853837,G,136,C,Q
MT853837,G,143,P,S
MT853837,G,147,Q,P
MT853837,G,149,L,P
MT853837,G,151,H,Y
MT853837,G,153,P,L
MT853837,G,155,S,N
MT853837,G,163,T,I
MT853837,G,166,Q,K
MT853837,G,167,A,T
MT853837,G,170,I,T
MT853837,G,179,T,I
MT853837,G,194,L,P
MT853837,G,197,K,R
MT853837,G,204,Q,L
MT853837,G,209,L,P
MT853837,G,236,P,S
MT853837,G,246,S,L
MT853837,G,254,_,E
MT853837,G,257,Y,C
MT853837,G,268,S,T
MT853837,G,272,W,R
MT853837,G,278,L,P
MT853837,G,286,L,H
MT853837,G,287,L,H
MT853837,G,290,L,I
MT853838,G,105,L,P
MT853838,G,110,V,A
MT853838,G,111,P,S
MT853838,G,112,L,P
MT853838,G,114,R,C
MT853838,G,115,L,P
MT853838,G,120,K,N
MT853838,G,121,S,P
MT853838,G,128,Q,_
MT853838,G,136,C,H
MT853838,G,143,P,S
MT853838,G,149,L,P
MT853838,G,151,H,Y
MT853838,G,152,N,Y
MT853838,G,153,P,L
MT853838,G,155,S,N
MT853838,G,163,T,I
MT853838,G,166,Q,K
MT853838,G,167,A,T
MT853838,G,170,I,T
MT853838,G,194,L,P
MT853838,G,197,K,R
MT853838,G,204,Q,L
MT853838,G,209,L,P
MT853838,G,228,K,R
MT853838,G,230,L,Q
MT853838,G,236,P,S
MT853838,G,240,P,L
MT853838,G,254,_,E
MT853838,G,257,Y,C
MT853838,G,268,S,T
MT853838,G,272,W,R
MT853838,G,278,L,P
MT853838,G,284,Q,_
MT853838,G,286,L,H
MT853838,G,287,L,H
MT853838,G,290,L,I
MT853838,G,296,H,Y
MT853838,G,299,L,H
MT853839,G,105,L,P
MT853839,G,110,V,A
MT853839,G,111,P,S
MT853839,G,112,L,P
MT853839,G,114,R,C
MT853839,G,115,L,P
MT853839,G,116,K,E
MT853839,G,120,K,N
MT853839,G,121,S,P
MT853839,G,131,E,V
MT853839,G,132,S,L
MT853839,G,136,C,H
MT853839,G,140,Q,_
MT853839,G,143,P,S
MT853839,G,149,L,P
MT853839,G,151,H,Y
MT853839,G,152,N,Y
MT853839,G,153,P,L
MT853839,G,155,S,N
MT853839,G,161,A,T
MT853839,G,163,T,I
MT853839,G,166,Q,K
MT853839,G,167,A,T
MT853839,G,170,I,T
MT853839,G,179,T,I
MT853839,G,194,L,P
MT853839,G,197,K,R
MT853839,G,201,T,I
MT853839,G,204,Q,L
MT853839,G,209,L,P
MT853839,G,230,L,Q
MT853839,G,236,P,S
MT853839,G,240,P,L
MT853839,G,254,_,E
MT853839,G,257,Y,C
MT853839,G,268,S,T
MT853839,G,278,L,P
MT853839,G,286,L,H
MT853839,G,287,L,H
MT853839,G,290,L,I
MT853839,G,296,H,Y
MT853840,G,105,L,P
MT853840,G,106,S,C
MT853840,G,110,V,A
MT853840,G,111,P,S
MT853840,G,112,L,P
MT853840,G,114,R,C
MT853840,G,115,L,P
MT853840,G,120,K,N
MT853840,G,121,S,P
MT853840,G,128,Q,_
MT853840,G,136,C,H
MT853840,G,143,P,S
MT853840,G,149,L,P
MT853840,G,151,H,Y
MT853840,G,152,N,Y
MT853840,G,153,P,L
MT853840,G,155,S,N
MT853840,G,163,T,I
MT853840,G,166,Q,K
MT853840,G,167,A,T
MT853840,G,170,I,T
MT853840,G,179,T,I
MT853840,G,194,L,P
MT853840,G,197,K,R
MT853840,G,204,Q,L
MT853840,G,209,L,P
MT853840,G,230,L,Q
MT853840,G,236,P,S
MT853840,G,240,P,L
MT853840,G,254,_,E
MT853840,G,257,Y,C
MT853840,G,268,S,T
MT853840,G,272,W,R
MT853840,G,278,L,P
MT853840,G,284,Q,_
MT853840,G,286,L,H
MT853840,G,287,L,H
MT853840,G,290,L,I
MT853840,G,296,H,Y
MT853841,G,114,R,C
MT853841,G,115,L,P
MT853841,G,118,H,P
MT853841,G,120,K,N
MT853841,G,121,S,P
MT853841,G,128,Q,_
MT853841,G,136,C,H
MT853841,G,143,P,S
MT853841,G,149,L,P
MT853841,G,151,H,Y
MT853841,G,152,N,Y
MT853841,G,153,P,L
MT853841,G,155,S,N
MT853841,G,163,T,I
MT853841,G,166,Q,K
MT853841,G,167,A,T
MT853841,G,170,I,T
MT853841,G,179,T,I
MT853841,G,194,L,P
MT853841,G,197,K,R
MT853841,G,204,Q,L
MT853841,G,209,L,P
MT853841,G,230,L,Q
MT853841,G,236,P,S
MT853841,G,237,P,S
MT853841,G,240,P,L
MT853841,G,254,_,E
MT853841,G,257,Y,C
MT853841,G,268,S,T
MT853841,G,272,W,R
MT853841,G,278,L,P
MT853841,G,284,Q,_
MT853841,G,286,L,H
MT853841,G,287,L,H
MT853841,G,290,L,I
MT853841,G,296,H,Y
MT853842,G,105,L,P
MT853842,G,110,V,A
MT853842,G,111,P,S
MT853842,G,112,L,P
MT853842,G,114,R,C
MT853842,G,115,L,P
MT853842,G,116,K,E
MT853842,G,120,K,N
MT853842,G,121,S,P
MT853842,G,131,E,V
MT853842,G,132,S,L
MT853842,G,136,C,H
MT853842,G,143,P,S
MT853842,G,149,L,P
MT853842,G,151,H,Y
MT853842,G,153,P,L
MT853842,G,155,S,N
MT853842,G,163,T,I
MT853842,G,166,Q,K
MT853842,G,167,A,T
MT853842,G,170,I,T
MT853842,G,179,T,I
MT853842,G,184,A,V
MT853842,G,194,L,P
MT853842,G,197,K,R
MT853842,G,204,Q,L
MT853842,G,209,L,P
MT853842,G,230,L,Q
MT853842,G,233,R,K
MT853842,G,236,P,S
MT853842,G,254,_,E
MT853842,G,257,Y,C
MT853842,G,263,Q,_
MT853842,G,268,S,T
MT853842,G,272,W,R
MT853842,G,278,L,P
MT853842,G,284,Q,_
MT853842,G,286,L,H
MT853842,G,287,L,H
MT853842,G,290,L,I
MT853842,G,296,H,Y
MT853843,G,105,L,P
MT853843,G,110,V,A
MT853843,G,111,P,S
MT853843,G,112,L,P
MT853843,G,114,R,C
MT853843,G,115,L,P
MT853843,G,116,K,E
MT853843,G,120,K,N
MT853843,G,121,S,P
MT853843,G,131,E,V
MT853843,G,132,S,L
MT853843,G,135,P,H
MT853843,G,136,C,H
MT853843,G,143,P,S
MT853843,G,147,Q,P
MT853843,G,149,L,P
MT853843,G,151,H,Y
MT853843,G,153,P,L
MT853843,G,155,S,N
MT853843,G,163,T,I
MT853843,G,166,Q,K
MT853843,G,167,A,T
MT853843,G,170,I,T
MT853843,G,179,T,I
MT853843,G,194,L,P
MT853843,G,197,K,R
MT853843,G,204,Q,L
MT853843,G,209,L,P
MT853843,G,230,L,Q
MT853843,G,236,P,S
MT853843,G,246,S,L
MT853843,G,254,_,E
MT853843,G,257,Y,C
MT853843,G,268,S,T
MT853843,G,272,W,R
MT853843,G,278,L,P
MT853843,G,286,L,H
MT853843,G,287,L,H
MT853843,G,290,L,I
MT853844,G,105,L,P
MT853844,G,110,V,A
MT853844,G,111,P,S
MT853844,G,112,L,P
MT853844,G,114,R,C
MT853844,G,115,L,P
MT853844,G,120,K,N
MT853844,G,121,S,P
MT853844,G,128,Q,_
MT853844,G,136,C,H
MT853844,G,143,P,S
MT853844,G,149,L,P
MT853844,G,151,H,Y
MT853844,G,152,N,Y
MT853844,G,153,P,L
MT853844,G,155,S,N
MT853844,G,163,T,I
MT853844,G,166,Q,K
MT853844,G,167,A,T
MT853844,G,170,I,T
MT853844,G,179,T,I
MT853844,G,194,L,P
MT853844,G,197,K,R
MT853844,G,204,Q,L
MT853844,G,209,L,P
MT853844,G,230,L,Q
MT853844,G,236,P,S
MT853844,G,240,P,L
MT853844,G,254,_,E
MT853844,G,257,Y,C
MT853844,G,268,S,T
MT853844,G,272,W,R
MT853844,G,278,L,P
MT853844,G,284,Q,_
MT853844,G,286,L,Y
MT853844,G,287,L,H
MT853844,G,290,L,I
MT853844,G,296,H,Y
MT853845,G,105,L,P
MT853845,G,110,V,A
MT853845,G,111,P,S
MT853845,G,112,L,P
MT853845,G,114,R,C
MT853845,G,115,L,P
MT853845,G,120,K,N
MT853845,G,121,S,P
MT853845,G,128,Q,_
MT853845,G,136,C,H
MT853845,G,143,P,S
MT853845,G,149,L,P
MT853845,G,151,H,Y
MT853845,G,152,N,Y
MT853845,G,153,P,L
MT853845,G,155,S,N
MT853845,G,163,T,I
MT853845,G,166,Q,K
MT853845,G,167,A,T
MT853845,G,170,I,T
MT853845,G,179,T,I
MT853845,G,194,L,P
MT853845,G,197,K,R
MT853845,G,204,Q,L
MT853845,G,209,L,P
MT853845,G,230,L,Q
MT853845,G,236,P,S
MT853845,G,240,P,L
MT853845,G,254,_,E
MT853845,G,257,Y,C
MT853845,G,268,S,T
MT853845,G,272,W,R
MT853845,G,278,L,P
MT853845,G,284,Q,_
MT853845,G,286,L,H
MT853845,G,287,L,H
MT853845,G,290,L,I
MT853845,G,296,H,Y
MT853846,G,105,L,P
MT853846,G,110,V,A
MT853846,G,111,P,S
MT853846,G,112,L,P
MT853846,G,114,R,C
MT853846,G,115,L,P
MT853846,G,120,K,N
MT853846,G,121,S,P
MT853846,G,128,Q,_
MT853846,G,136,C,H
MT853846,G,143,P,S
MT853846,G,149,L,P
MT853846,G,151,H,Y
MT853846,G,152,N,Y
MT853846,G,153,P,L
MT853846,G,155,S,N
MT853846,G,163,T,I
MT853846,G,166,Q,K
MT853846,G,167,A,T
MT853846,G,170,I,T
MT853846,G,179,T,I
MT853846,G,194,L,P
MT853846,G,197,K,R
MT853846,G,204,Q,L
MT853846,G,209,L,P
MT853846,G,230,L,Q
MT853846,G,235,Y,H
MT853846,G,236,P,S
MT853846,G,240,P,L
MT853846,G,254,_,V
MT853846,G,257,Y,C
MT853846,G,268,S,T
MT853846,G,272,W,R
MT853846,G,278,L,P
MT853846,G,286,L,Y
MT853846,G,287,L,H
MT853846,G,290,L,I
MT853846,G,296,H,Y
MT853847,G,105,L,P
MT853847,G,110,V,A
MT853847,G,111,P,S
MT853847,G,112,L,P
MT853847,G,114,R,C
MT853847,G,115,L,P
MT853847,G,116,K,E
MT853847,G,120,K,N
MT853847,G,121,S,P
MT853847,G,131,E,V
MT853847,G,132,S,L
MT853847,G,136,C,H
MT853847,G,143,P,S
MT853847,G,149,L,P
MT853847,G,151,H,Y
MT853847,G,153,P,L
MT853847,G,155,S,N
MT853847,G,163,T,I
MT853847,G,166,Q,K
MT853847,G,167,A,T
MT853847,G,170,I,T
MT853847,G,179,T,I
MT853847,G,184,A,V
MT853847,G,194,L,P
MT853847,G,197,K,R
MT853847,G,204,Q,L
MT853847,G,209,L,P
MT853847,G,230,L,Q
MT853847,G,233,R,K
MT853847,G,236,P,S
MT853847,G,254,_,E
MT853847,G,257,Y,C
MT853847,G,268,S,T
MT853847,G,272,W,R
MT853847,G,278,L,P
MT853847,G,284,Q,_
MT853847,G,286,L,H
MT853847,G,287,L,H
MT853847,G,290,L,I
MT853847,G,296,H,Y
MT853848,G,105,L,P
MT853848,G,110,V,A
MT853848,G,111,P,S
MT853848,G,112,L,P
MT853848,G,114,R,C
MT853848,G,115,L,P
MT853848,G,120,K,N
MT853848,G,121,S,P
MT853848,G,128,Q,_
MT853848,G,136,C,H
MT853848,G,143,P,S
MT853848,G,149,L,P
MT853848,G,151,H,Y
MT853848,G,152,N,Y
MT853848,G,153,P,L
MT853848,G,155,S,N
MT853848,G,163,T,I
MT853848,G,166,Q,K
MT853848,G,167,A,T
MT853848,G,170,I,T
MT853848,G,179,T,I
MT853848,G,194,L,P
MT853848,G,197,K,R
MT853848,G,204,Q,L
MT853848,G,209,L,P
MT853848,G,230,L,Q
MT853848,G,236,P,S
MT853848,G,240,P,L
MT853848,G,248,P,S
MT853848,G,254,_,E
MT853848,G,257,Y,C
MT853848,G,268,S,T
MT853848,G,272,W,R
MT853848,G,278,L,P
MT853848,G,284,Q,_
MT853848,G,286,L,H
MT853848,G,287,L,H
MT853848,G,290,L,I
MT853848,G,296,H,Y
MT853849,G,105,L,P
MT853849,G,110,V,A
MT853849,G,111,P,S
MT853849,G,112,L,P
MT853849,G,114,R,C
MT853849,G,115,L,P
MT853849,G,116,K,E
MT853849,G,120,K,N
MT853849,G,121,S,P
MT853849,G,128,Q,_
MT853849,G,136,C,H
MT853849,G,143,P,S
MT853849,G,149,L,P
MT853849,G,151,H,Y
MT853849,G,152,N,Y
MT853849,G,153,P,L
MT853849,G,155,S,N
MT853849,G,163,T,I
MT853849,G,166,Q,K
MT853849,G,167,A,T
MT853849,G,170,I,T
MT853849,G,179,T,I
MT853849,G,194,L,P
MT853849,G,197,K,R
MT853849,G,204,Q,L
MT853849,G,209,L,P
MT853849,G,230,L,Q
MT853849,G,236,P,S
MT853849,G,240,P,L
MT853849,G,254,_,E
MT853849,G,257,Y,C
MT853849,G,268,S,T
MT853849,G,272,W,R
MT853849,G,278,L,P
MT853849,G,284,Q,_
MT853849,G,286,L,H
MT853849,G,287,L,H
MT853849,G,290,L,I
MT853849,G,296,H,Y
MT853850,G,105,L,P
MT853850,G,110,V,A
MT853850,G,111,P,S
MT853850,G,112,L,P
MT853850,G,114,R,C
MT853850,G,115,L,P
MT853850,G,120,K,N
MT853850,G,121,S,P
MT853850,G,128,Q,_
MT853850,G,136,C,H
MT853850,G,143,P,S
MT853850,G,149,L,P
MT853850,G,151,H,Y
MT853850,G,152,N,Y
MT853850,G,153,P,L
MT853850,G,155,S,N
MT853850,G,163,T,I
MT853850,G,166,Q,K
MT853850,G,167,A,T
MT853850,G,170,I,T
MT853850,G,179,T,I
MT853850,G,194,L,P
MT853850,G,197,K,R
MT853850,G,204,Q,L
MT853850,G,209,L,P
MT853850,G,230,L,Q
MT853850,G,236,P,S
MT853850,G,254,_,V
MT853850,G,257,Y,C
MT853850,G,268,S,T
MT853850,G,272,W,R
MT853850,G,278,L,P
MT853850,G,284,Q,_
MT853850,G,286,L,Y
MT853850,G,287,L,H
MT853850,G,290,L,I
MT853850,G,296,H,Y
MT853851,G,105,L,P
MT853851,G,110,V,A
MT853851,G,111,P,S
MT853851,G,112,L,P
MT853851,G,114,R,C
MT853851,G,115,L,P
MT853851,G,120,K,N
MT853851,G,121,S,P
MT853851,G,128,Q,_
MT853851,G,136,C,H
MT853851,G,143,P,S
MT853851,G,149,L,P
MT853851,G,151,H,Y
MT853851,G,152,N,Y
MT853851,G,153,P,L
MT853851,G,155,S,N
MT853851,G,163,T,I
MT853851,G,166,Q,K
MT853851,G,167,A,T
MT853851,G,170,I,T
MT853851,G,179,T,I
MT853851,G,194,L,P
MT853851,G,197,K,R
MT853851,G,204,Q,L
MT853851,G,209,L,P
MT853851,G,222,K,R
MT853851,G,230,L,Q
MT853851,G,236,P,S
MT853851,G,240,P,L
MT853851,G,254,_,V
MT853851,G,257,Y,C
MT853851,G,268,S,T
MT853851,G,272,W,R
MT853851,G,278,L,P
MT853851,G,284,Q,_
MT853851,G,286,L,Y
MT853851,G,287,L,H
MT853851,G,290,L,I
MT853851,G,296,H,Y
MT853852,G,105,L,P
MT853852,G,110,V,A
MT853852,G,111,P,S
MT853852,G,112,L,P
MT853852,G,114,R,C
MT853852,G,115,L,P
MT853852,G,120,K,N
MT853852,G,121,S,P
MT853852,G,128,Q,_
MT853852,G,136,C,H
MT853852,G,143,P,S
MT853852,G,149,L,P
MT853852,G,151,H,Y
MT853852,G,152,N,Y
MT853852,G,153,P,L
MT853852,G,155,S,N
MT853852,G,163,T,I
MT853852,G,166,Q,K
MT853852,G,167,A,T
MT853852,G,170,I,T
MT853852,G,179,T,I
MT853852,G,194,L,P
MT853852,G,197,K,R
MT853852,G,204,Q,L
MT853852,G,209,L,P
MT853852,G,230,L,Q
MT853852,G,236,P,S
MT853852,G,240,P,L
MT853852,G,254,_,E
MT853852,G,257,Y,C
MT853852,G,268,S,T
MT853852,G,272,W,R
MT853852,G,278,L,P
MT853852,G,284,Q,_
MT853852,G,286,L,H
MT853852,G,287,L,H
MT853852,G,290,L,I
MT853852,G,296,H,Y
MT853853,G,105,L,P
MT853853,G,110,V,A
MT853853,G,111,P,S
MT853853,G,112,L,P
MT853853,G,114,R,C
MT853853,G,115,L,P
MT853853,G,116,K,E
MT853853,G,120,K,N
MT853853,G,121,S,P
MT853853,G,131,E,V
MT853853,G,132,S,L
MT853853,G,136,C,H
MT853853,G,143,P,S
MT853853,G,147,Q,P
MT853853,G,149,L,P
MT853853,G,151,H,Y
MT853853,G,153,P,L
MT853853,G,155,S,N
MT853853,G,161,A,T
MT853853,G,163,T,I
MT853853,G,166,Q,K
MT853853,G,167,A,T
MT853853,G,170,I,T
MT853853,G,179,T,I
MT853853,G,194,L,P
MT853853,G,197,K,R
MT853853,G,204,Q,L
MT853853,G,209,L,P
MT853853,G,230,L,Q
MT853853,G,236,P,S
MT853853,G,246,S,L
MT853853,G,254,_,E
MT853853,G,257,Y,C
MT853853,G,268,S,T
MT853853,G,272,W,R
MT853853,G,278,L,P
MT853853,G,286,L,H
MT853853,G,287,L,H
MT853853,G,290,L,I
MT853854,G,105,L,P
MT853854,G,110,V,A
MT853854,G,111,P,S
MT853854,G,112,L,P
MT853854,G,114,R,C
MT853854,G,115,L,P
MT853854,G,120,K,N
MT853854,G,121,S,P
MT853854,G,128,Q,_
MT853854,G,136,C,H
MT853854,G,143,P,S
MT853854,G,149,L,P
MT853854,G,151,H,Y
MT853854,G,152,N,Y
MT853854,G,153,P,L
MT853854,G,155,S,N
MT853854,G,163,T,I
MT853854,G,166,Q,K
MT853854,G,167,A,T
MT853854,G,170,I,T
MT853854,G,179,T,I
MT853854,G,194,L,P
MT853854,G,197,K,R
MT853854,G,204,Q,L
MT853854,G,209,L,P
MT853854,G,230,L,Q
MT853854,G,235,Y,H
MT853854,G,236,P,S
MT853854,G,240,P,L
MT853854,G,254,_,V
MT853854,G,257,Y,C
MT853854,G,268,S,T
MT853854,G,272,W,R
MT853854,G,278,L,P
MT853854,G,286,L,Y
MT853854,G,287,L,H
MT853854,G,290,L,I
MT853854,G,296,H,Y
MT853855,G,105,L,P
MT853855,G,110,V,A
MT853855,G,111,P,S
MT853855,G,112,L,P
MT853855,G,114,R,C
MT853855,G,115,L,P
MT853855,G,116,K,E
MT853855,G,120,K,N
MT853855,G,121,S,P
MT853855,G,131,E,V
MT853855,G,132,S,L
MT853855,G,136,C,H
MT853855,G,140,Q,_
MT853855,G,143,P,S
MT853855,G,149,L,P
MT853855,G,151,H,Y
MT853855,G,152,N,Y
MT853855,G,153,P,L
MT853855,G,155,S,N
MT853855,G,163,T,I
MT853855,G,166,Q,K
MT853855,G,167,A,T
MT853855,G,170,I,T
MT853855,G,179,T,I
MT853855,G,194,L,P
MT853855,G,197,K,R
MT853855,G,201,T,I
MT853855,G,204,Q,L
MT853855,G,208,P,L
MT853855,G,209,L,P
MT853855,G,230,L,Q
MT853855,G,236,P,S
MT853855,G,240,P,L
MT853855,G,254,_,E
MT853855,G,257,Y,C
MT853855,G,268,S,T
MT853855,G,272,W,R
MT853855,G,278,L,P
MT853855,G,286,L,H
MT853855,G,287,L,H
MT853855,G,290,L,I
MT853855,G,296,H,Y
MT853856,G,105,L,P
MT853856,G,110,V,A
MT853856,G,111,P,S
MT853856,G,112,L,P
MT853856,G,114,R,C
MT853856,G,115,L,P
MT853856,G,120,K,N
MT853856,G,121,S,P
MT853856,G,128,Q,_
MT853856,G,136,C,H
MT853856,G,143,P,S
MT853856,G,149,L,P
MT853856,G,151,H,Y
MT853856,G,152,N,Y
MT853856,G,153,P,L
MT853856,G,155,S,N
MT853856,G,163,T,I
MT853856,G,166,Q,K
MT853856,G,167,A,T
MT853856,G,170,I,T
MT853856,G,179,T,I
MT853856,G,194,L,P
MT853856,G,197,K,R
MT853856,G,204,Q,L
MT853856,G,209,L,P
MT853856,G,228,K,R
MT853856,G,230,L,Q
MT853856,G,236,P,S
MT853856,G,240,P,L
MT853856,G,254,_,E
MT853856,G,257,Y,C
MT853856,G,268,S,T
MT853856,G,272,W,R
MT853856,G,278,L,P
MT853856,G,284,Q,_
MT853856,G,286,L,H
MT853856,G,287,L,H
MT853856,G,290,L,I
MT853856,G,296,H,Y
MT853856,G,299,L,H
MT853857,G,105,L,P
MT853857,G,110,V,A
MT853857,G,111,P,S
MT853857,G,112,L,P
MT853857,G,114,R,C
MT853857,G,115,L,P
MT853857,G,120,K,N
MT853857,G,121,S,P
MT853857,G,128,Q,_
MT853857,G,136,C,H
MT853857,G,143,P,S
MT853857,G,149,L,P
MT853857,G,151,H,Y
MT853857,G,152,N,Y
MT853857,G,153,P,L
MT853857,G,155,S,N
MT853857,G,163,T,I
MT853857,G,166,Q,K
MT853857,G,167,A,T
MT853857,G,170,I,T
MT853857,G,179,T,I
MT853857,G,194,L,P
MT853857,G,197,K,R
MT853857,G,204,Q,L
MT853857,G,209,L,P
MT853857,G,230,L,Q
MT853857,G,236,P,S
MT853857,G,240,P,L
MT853857,G,254,_,V
MT853857,G,257,Y,C
MT853857,G,268,S,T
MT853857,G,272,W,R
MT853857,G,278,L,P
MT853857,G,286,L,Y
MT853857,G,287,L,H
MT853857,G,290,L,I
MT853857,G,296,H,Y
MT853858,G,105,L,P
MT853858,G,110,V,A
MT853858,G,111,P,S
MT853858,G,112,L,P
MT853858,G,114,R,C
MT853858,G,115,L,P
MT853858,G,116,K,E
MT853858,G,120,K,N
MT853858,G,121,S,P
MT853858,G,131,E,V
MT853858,G,132,S,L
MT853858,G,136,C,H
MT853858,G,140,Q,_
MT853858,G,143,P,S
MT853858,G,149,L,P
MT853858,G,151,H,Y
MT853858,G,152,N,Y
MT853858,G,153,P,L
MT853858,G,155,S,N
MT853858,G,163,T,I
MT853858,G,166,Q,K
MT853858,G,167,A,T
MT853858,G,170,I,T
MT853858,G,179,T,I
MT853858,G,194,L,P
MT853858,G,197,K,R
MT853858,G,201,T,I
MT853858,G,204,Q,L
MT853858,G,208,P,L
MT853858,G,209,L,P
MT853858,G,230,L,Q
MT853858,G,236,P,S
MT853858,G,240,P,L
MT853858,G,254,_,E
MT853858,G,257,Y,C
MT853858,G,268,S,T
MT853858,G,272,W,R
MT853858,G,278,L,P
MT853858,G,286,L,H
MT853858,G,287,L,H
MT853858,G,290,L,I
MT853858,G,296,H,Y
MT853859,G,105,L,P
MT853859,G,110,V,A
MT853859,G,111,P,S
MT853859,G,112,L,P
MT853859,G,114,R,C
MT853859,G,115,L,P
MT853859,G,120,K,N
MT853859,G,121,S,P
MT853859,G,128,Q,_
MT853859,G,136,C,H
MT853859,G,143,P,S
MT853859,G,149,L,P
MT853859,G,151,H,Y
MT853859,G,152,N,Y
MT853859,G,155,S,N
MT853859,G,166,Q,K
MT853859,G,167,A,T
MT853859,G,170,I,T
MT853859,G,179,T,I
MT853859,G,194,L,P
MT853859,G,197,K,R
MT853859,G,204,Q,L
MT853859,G,209,L,P
MT853859,G,230,L,Q
MT853859,G,236,P,S
MT853859,G,240,P,L
MT853859,G,254,_,E
MT853859,G,257,Y,C
MT853859,G,268,S,T
MT853859,G,272,W,R
MT853859,G,278,L,P
MT853859,G,284,Q,_
MT853859,G,286,L,H
MT853859,G,287,L,H
MT853859,G,290,L,I
MT853859,G,296,H,Y
MT853860,G,105,L,P
MT853860,G,110,V,A
MT853860,G,111,P,S
MT853860,G,112,L,P
MT853860,G,114,R,C
MT853860,G,115,L,P
MT853860,G,120,K,N
MT853860,G,121,S,P
MT853860,G,128,Q,_
MT853860,G,136,C,H
MT853860,G,143,P,S
MT853860,G,149,L,P
MT853860,G,151,H,Y
MT853860,G,152,N,Y
MT853860,G,153,P,L
MT853860,G,155,S,N
MT853860,G,163,T,I
MT853860,G,166,Q,K
MT853860,G,167,A,T
MT853860,G,170,I,T
MT853860,G,179,T,I
MT853860,G,194,L,P
MT853860,G,197,K,R
MT853860,G,204,Q,L
MT853860,G,209,L,P
MT853860,G,230,L,Q
MT853860,G,236,P,S
MT853860,G,240,P,L
MT853860,G,254,_,E
MT853860,G,257,Y,C
MT853860,G,268,S,T
MT853860,G,272,W,R
MT853860,G,278,L,P
MT853860,G,284,Q,_
MT853860,G,286,L,H
MT853860,G,287,L,H
MT853860,G,290,L,I
MT853860,G,296,H,Y
MT853861,G,105,L,P
MT853861,G,110,V,A
MT853861,G,111,P,S
MT853861,G,112,L,P
MT853861,G,114,R,C
MT853861,G,115,L,P
MT853861,G,120,K,N
MT853861,G,121,S,P
MT853861,G,128,Q,_
MT853861,G,136,C,H
MT853861,G,143,P,S
MT853861,G,149,L,P
MT853861,G,151,H,Y
MT853861,G,152,N,Y
MT853861,G,153,P,L
MT853861,G,155,S,N
MT853861,G,163,T,I
MT853861,G,166,Q,K
MT853861,G,167,A,T
MT853861,G,170,I,T
MT853861,G,179,T,I
MT853861,G,194,L,P
MT853861,G,197,K,R
MT853861,G,204,Q,L
MT853861,G,209,L,P
MT853861,G,230,L,Q
MT853861,G,236,P,S
MT853861,G,240,P,L
MT853861,G,254,_,E
MT853861,G,257,Y,C
MT853861,G,266,Q,_
MT853861,G,268,S,T
MT853861,G,272,W,R
MT853861,G,278,L,P
MT853861,G,284,Q,_
MT853861,G,286,L,H
MT853861,G,287,L,H
MT853861,G,290,L,I
MT853861,G,296,H,Y
MT853862,G,105,L,P
MT853862,G,110,V,A
MT853862,G,111,P,S
MT853862,G,112,L,P
MT853862,G,114,R,C
MT853862,G,115,L,P
MT853862,G,120,K,N
MT853862,G,121,S,P
MT853862,G,128,Q,_
MT853862,G,136,C,H
MT853862,G,143,P,S
MT853862,G,149,L,P
MT853862,G,151,H,Y
MT853862,G,152,N,Y
MT853862,G,153,P,L
MT853862,G,155,S,N
MT853862,G,163,T,I
MT853862,G,166,Q,K
MT853862,G,167,A,T
MT853862,G,170,I,T
MT853862,G,179,T,I
MT853862,G,194,L,P
MT853862,G,197,K,R
MT853862,G,204,Q,L
MT853862,G,209,L,P
MT853862,G,230,L,Q
MT853862,G,236,P,S
MT853862,G,240,P,L
MT853862,G,254,_,V
MT853862,G,257,Y,C
MT853862,G,268,S,T
MT853862,G,272,W,R
MT853862,G,278,L,P
MT853862,G,284,Q,_
MT853862,G,286,L,Y
MT853862,G,287,L,H
MT853862,G,290,L,I
MT853862,G,296,H,Y
MT853863,G,105,L,P
MT853863,G,110,V,A
MT853863,G,111,P,S
MT853863,G,112,L,P
MT853863,G,114,R,C
MT853863,G,115,L,P
MT853863,G,116,K,E
MT853863,G,120,K,N
MT853863,G,121,S,P
MT853863,G,131,E,V
MT853863,G,132,S,L
MT853863,G,136,C,H
MT853863,G,143,P,S
MT853863,G,147,Q,P
MT853863,G,149,L,P
MT853863,G,151,H,Y
MT853863,G,153,P,L
MT853863,G,155,S,N
MT853863,G,163,T,I
MT853863,G,166,Q,K
MT853863,G,167,A,T
MT853863,G,170,I,T
MT853863,G,179,T,I
MT853863,G,194,L,P
MT853863,G,197,K,R
MT853863,G,204,Q,L
MT853863,G,209,L,P
MT853863,G,230,L,Q
MT853863,G,236,P,S
MT853863,G,246,S,L
MT853863,G,254,_,E
MT853863,G,257,Y,C
MT853863,G,268,S,T
MT853863,G,272,W,R
MT853863,G,278,L,P
MT853863,G,286,L,H
MT853863,G,287,L,H
MT853863,G,290,L,I
MT853864,G,105,L,P
MT853864,G,110,V,A
MT853864,G,111,P,S
MT853864,G,112,L,P
MT853864,G,114,R,C
MT853864,G,115,L,P
MT853864,G,116,K,E
MT853864,G,120,K,N
MT853864,G,121,S,P
MT853864,G,128,Q,_
MT853864,G,136,C,H
MT853864,G,143,P,S
MT853864,G,149,L,P
MT853864,G,151,H,Y
MT853864,G,152,N,Y
MT853864,G,153,P,L
MT853864,G,155,S,N
MT853864,G,163,T,I
MT853864,G,166,Q,K
MT853864,G,167,A,T
MT853864,G,170,I,T
MT853864,G,179,T,I
MT853864,G,194,L,P
MT853864,G,197,K,R
MT853864,G,204,Q,L
MT853864,G,209,L,P
MT853864,G,212,P,L
MT853864,G,230,L,Q
MT853864,G,236,P,S
MT853864,G,240,P,L
MT853864,G,254,_,E
MT853864,G,257,Y,C
MT853864,G,268,S,T
MT853864,G,272,W,R
MT853864,G,278,L,P
MT853864,G,284,Q,_
MT853864,G,286,L,H
MT853864,G,287,L,H
MT853864,G,290,L,I
MT853864,G,296,H,Y
MT853865,G,105,L,P
MT853865,G,110,V,A
MT853865,G,111,P,S
MT853865,G,112,L,P
MT853865,G,114,R,C
MT853865,G,115,L,P
MT853865,G,120,K,N
MT853865,G,121,S,P
MT853865,G,128,Q,_
MT853865,G,136,C,H
MT853865,G,143,P,S
MT853865,G,149,L,P
MT853865,G,151,H,Y
MT853865,G,152,N,Y
MT853865,G,153,P,L
MT853865,G,155,S,N
MT853865,G,163,T,I
MT853865,G,166,Q,K
MT853865,G,167,A,T
MT853865,G,170,I,T
MT853865,G,179,T,I
MT853865,G,194,L,P
MT853865,G,197,K,R
MT853865,G,204,Q,L
MT853865,G,209,L,P
MT853865,G,230,L,Q
MT853865,G,236,P,S
MT853865,G,240,P,L
MT853865,G,254,_,E
MT853865,G,257,Y,C
MT853865,G,268,S,T
MT853865,G,272,W,R
MT853865,G,278,L,P
MT853865,G,284,Q,_
MT853865,G,286,L,H
MT853865,G,287,L,H
MT853865,G,290,L,I
MT853865,G,296,H,Y
MT853866,G,105,L,P
MT853866,G,110,V,A
MT853866,G,111,P,S
MT853866,G,112,L,P
MT853866,G,114,R,C
MT853866,G,115,L,P
MT853866,G,120,K,N
MT853866,G,121,S,P
MT853866,G,128,Q,_
MT853866,G,136,C,H
MT853866,G,143,P,S
MT853866,G,149,L,P
MT853866,G,151,H,Y
MT853866,G,152,N,Y
MT853866,G,153,P,L
MT853866,G,155,S,N
MT853866,G,163,T,I
MT853866,G,166,Q,K
MT853866,G,167,A,T
MT853866,G,170,I,T
MT853866,G,179,T,I
MT853866,G,194,L,P
MT853866,G,197,K,R
MT853866,G,204,Q,L
MT853866,G,209,L,P
MT853866,G,230,L,Q
MT853866,G,236,P,S
MT853866,G,240,P,L
MT853866,G,254,_,E
MT853866,G,257,Y,C
MT853866,G,268,S,T
MT853866,G,272,W,G
MT853866,G,278,L,P
MT853866,G,284,Q,_
MT853866,G,286,L,H
MT853866,G,287,L,H
MT853866,G,290,L,I
MT853866,G,292,H,P
MT853866,G,296,H,S
MT853866,G,297,H,P
MT853866,G,298,N,S
MT853867,G,105,L,P
MT853867,G,110,V,A
MT853867,G,111,P,S
MT853867,G,112,L,P
MT853867,G,114,R,C
MT853867,G,115,L,P
MT853867,G,120,K,N
MT853867,G,121,S,P
MT853867,G,128,Q,_
MT853867,G,136,C,H
MT853867,G,143,P,S
MT853867,G,149,L,P
MT853867,G,151,H,Y
MT853867,G,152,N,Y
MT853867,G,153,P,L
MT853867,G,155,S,N
MT853867,G,163,T,I
MT853867,G,166,Q,K
MT853867,G,167,A,T
MT853867,G,170,I,T
MT853867,G,179,T,I
MT853867,G,194,L,P
MT853867,G,197,K,R
MT853867,G,204,Q,L
MT853867,G,209,L,P
MT853867,G,230,L,Q
MT853867,G,235,Y,H
MT853867,G,236,P,S
MT853867,G,240,P,L
MT853867,G,254,_,V
MT853867,G,257,Y,C
MT853867,G,268,S,T
MT853867,G,272,W,R
MT853867,G,278,L,P
MT853867,G,286,L,Y
MT853867,G,287,L,H
MT853867,G,290,L,I
MT853867,G,296,H,Y
MT853868,G,105,L,P
MT853868,G,110,V,A
MT853868,G,111,P,S
MT853868,G,112,L,P
MT853868,G,114,R,C
MT853868,G,115,L,P
MT853868,G,120,K,N
MT853868,G,121,S,P
MT853868,G,128,Q,_
MT853868,G,136,C,H
MT853868,G,143,P,S
MT853868,G,149,L,P
MT853868,G,151,H,Y
MT853868,G,152,N,Y
MT853868,G,153,P,L
MT853868,G,155,S,N
MT853868,G,163,T,I
MT853868,G,166,Q,K
MT853868,G,167,A,T
MT853868,G,170,I,T
MT853868,G,179,T,I
MT853868,G,194,L,P
MT853868,G,197,K,R
MT853868,G,204,Q,L
MT853868,G,209,L,P
MT853868,G,230,L,Q
MT853868,G,236,P,S
MT853868,G,240,P,L
MT853868,G,254,_,E
MT853868,G,257,Y,C
MT853868,G,268,S,T
MT853868,G,272,W,R
MT853868,G,278,L,P
MT853868,G,284,Q,Y
MT853868,G,286,L,H
MT853868,G,287,L,H
MT853868,G,290,L,I
MT853868,G,296,H,Y
MT853869,G,105,L,P
MT853869,G,110,V,A
MT853869,G,111,P,S
MT853869,G,112,L,P
MT853869,G,114,R,C
MT853869,G,115,L,P
MT853869,G,120,K,N
MT853869,G,121,S,P
MT853869,G,128,Q,_
MT853869,G,136,C,H
MT853869,G,143,P,S
MT853869,G,149,L,P
MT853869,G,151,H,Y
MT853869,G,152,N,Y
MT853869,G,153,P,L
MT853869,G,155,S,N
MT853869,G,163,T,I
MT853869,G,166,Q,K
MT853869,G,167,A,T
MT853869,G,170,I,T
MT853869,G,179,T,I
MT853869,G,194,L,P
MT853869,G,197,K,R
MT853869,G,204,Q,L
MT853869,G,209,L,P
MT853869,G,230,L,Q
MT853869,G,236,P,S
MT853869,G,240,P,L
MT853869,G,254,_,V
MT853869,G,257,Y,C
MT853869,G,268,S,T
MT853869,G,272,W,R
MT853869,G,278,L,P
MT853870,G,105,L,P
MT853870,G,110,V,A
MT853870,G,111,P,S
MT853870,G,112,L,P
MT853870,G,114,R,C
MT853870,G,115,L,P
MT853870,G,120,K,N
MT853870,G,121,S,P
MT853870,G,128,Q,_
MT853870,G,136,C,H
MT853870,G,143,P,S
MT853870,G,149,L,P
MT853870,G,151,H,Y
MT853870,G,152,N,Y
MT853870,G,153,P,L
MT853870,G,155,S,N
MT853870,G,163,T,I
MT853870,G,166,Q,K
MT853870,G,167,A,T
MT853870,G,170,I,T
MT853870,G,179,T,I
MT853870,G,194,L,P
MT853870,G,197,K,R
MT853870,G,204,Q,L
MT853870,G,209,L,P
MT853870,G,230,L,Q
MT853870,G,236,P,S
MT853870,G,240,P,L
MT853870,G,254,_,E
MT853870,G,257,Y,C
MT853870,G,268,S,T
MT853870,G,272,W,R
MT853870,G,278,L,P
MT853870,G,284,Q,_
MT853870,G,286,L,H
MT853870,G,287,L,H
MT853870,G,290,L,I
MT853870,G,296,H,Y
MT853871,G,105,L,P
MT853871,G,110,V,A
MT853871,G,111,P,S
MT853871,G,112,L,P
MT853871,G,114,R,C
MT853871,G,115,L,P
MT853871,G,120,K,N
MT853871,G,121,S,P
MT853871,G,128,Q,_
MT853871,G,136,C,H
MT853871,G,143,P,S
MT853871,G,149,L,P
MT853871,G,151,H,Y
MT853871,G,152,N,Y
MT853871,G,153,P,L
MT853871,G,155,S,N
MT853871,G,163,T,I
MT853871,G,166,Q,K
MT853871,G,167,A,T
MT853871,G,170,I,T
MT853871,G,179,T,I
MT853871,G,194,L,P
MT853871,G,197,K,R
MT853871,G,204,Q,L
MT853871,G,209,L,P
MT853871,G,230,L,Q
MT853871,G,236,P,S
MT853871,G,240,P,L
MT853871,G,254,_,V
MT853871,G,257,Y,C
MT853871,G,268,S,T
MT853871,G,272,W,R
MT853871,G,278,L,P
MT853871,G,284,Q,_
MT853871,G,286,L,Y
MT853871,G,287,L,H
MT853871,G,290,L,I
MT853871,G,296,H,Y
MT853872,G,105,L,P
MT853872,G,110,V,A
MT853872,G,111,P,S
MT853872,G,112,L,P
MT853872,G,114,R,C
MT853872,G,115,L,P
MT853872,G,120,K,N
MT853872,G,121,S,P
MT853872,G,128,Q,_
MT853872,G,136,C,H
MT853872,G,143,P,S
MT853872,G,149,L,P
MT853872,G,151,H,Y
MT853872,G,152,N,Y
MT853872,G,153,P,L
MT853872,G,155,S,N
MT853872,G,163,T,I
MT853872,G,166,Q,K
MT853872,G,167,A,T
MT853872,G,170,I,T
MT853872,G,179,T,I
MT853872,G,194,L,P
MT853872,G,197,K,R
MT853872,G,204,Q,L
MT853872,G,209,L,P
MT853872,G,230,L,Q
MT853872,G,236,P,S
MT853872,G,240,P,L
MT853872,G,254,_,E
MT853872,G,257,Y,C
MT853872,G,268,S,T
MT853872,G,272,W,R
MT853872,G,278,L,P
MT853872,G,284,Q,_
MT853872,G,286,L,H
MT853872,G,287,L,H
MT853872,G,290,L,I
MT853872,G,296,H,Y
MT853872,G,299,L,H
MT853873,G,105,L,P
MT853873,G,110,V,A
MT853873,G,111,P,S
MT853873,G,112,L,P
MT853873,G,114,R,C
MT853873,G,115,L,P
MT853873,G,120,K,N
MT853873,G,121,S,P
MT853873,G,128,Q,_
MT853873,G,136,C,H
MT853873,G,143,P,S
MT853873,G,147,Q,P
MT853873,G,149,L,P
MT853873,G,151,H,Y
MT853873,G,153,P,L
MT853873,G,155,S,N
MT853873,G,163,T,I
MT853873,G,166,Q,K
MT853873,G,167,A,T
MT853873,G,170,I,T
MT853873,G,179,T,I
MT853873,G,194,L,P
MT853873,G,197,K,R
MT853873,G,204,Q,L
MT853873,G,209,L,P
MT853873,G,230,L,Q
MT853873,G,236,P,S
MT853873,G,240,P,L
MT853873,G,254,_,V
MT853873,G,257,Y,C
MT853873,G,268,S,T
MT853873,G,272,W,R
MT853873,G,278,L,P
MT853873,G,284,Q,_
MT853873,G,286,L,Y
MT853873,G,287,L,H
MT853873,G,290,L,I
MT853873,G,296,H,Y
MT853874,G,105,L,P
MT853874,G,110,V,A
MT853874,G,111,P,S
MT853874,G,112,L,P
MT853874,G,114,R,C
MT853874,G,115,L,P
MT853874,G,116,K,E
MT853874,G,120,K,N
MT853874,G,121,S,P
MT853874,G,131,E,V
MT853874,G,132,S,L
MT853874,G,136,C,H
MT853874,G,143,P,S
MT853874,G,147,Q,P
MT853874,G,149,L,P
MT853874,G,151,H,Y
MT853874,G,153,P,L
MT853874,G,155,S,N
MT853874,G,163,T,I
MT853874,G,166,Q,K
MT853874,G,167,A,T
MT853874,G,170,I,T
MT853874,G,179,T,I
MT853874,G,194,L,P
MT853874,G,197,K,R
MT853874,G,204,Q,L
MT853874,G,206,R,G
MT853874,G,209,L,P
MT853874,G,230,L,Q
MT853874,G,236,P,S
MT853874,G,246,S,L
MT853874,G,254,_,E
MT853874,G,257,Y,C
MT853874,G,268,S,T
MT853874,G,272,W,R
MT853874,G,278,L,P
MT853874,G,286,L,H
MT853874,G,287,L,H
MT853874,G,290,L,I
MT853874,G,296,H,Y
MT853875,G,105,L,P
MT853875,G,110,V,A
MT853875,G,111,P,S
MT853875,G,112,L,P
MT853875,G,114,R,C
MT853875,G,115,L,P
MT853875,G,120,K,N
MT853875,G,121,S,P
MT853875,G,128,Q,_
MT853875,G,136,C,H
MT853875,G,143,P,S
MT853875,G,149,L,S
MT853875,G,151,H,Y
MT853875,G,152,N,Y
MT853875,G,153,P,L
MT853875,G,155,S,N
MT853875,G,163,T,I
MT853875,G,166,Q,K
MT853875,G,167,A,T
MT853875,G,170,I,T
MT853875,G,179,T,I
MT853875,G,194,L,P
MT853875,G,197,K,R
MT853875,G,204,Q,L
MT853875,G,209,L,P
MT853875,G,230,L,Q
MT853875,G,236,P,S
MT853875,G,240,P,L
MT853875,G,248,P,S
MT853875,G,254,_,E
MT853875,G,257,Y,C
MT853875,G,268,S,T
MT853875,G,272,W,R
MT853875,G,278,L,P
MT853875,G,284,Q,_
MT853875,G,286,L,H
MT853875,G,287,L,H
MT853875,G,290,L,I
MT853875,G,296,H,Y
MT853876,G,143,P,S
MT853876,G,149,L,P
MT853876,G,151,H,Y
MT853876,G,152,N,Y
MT853876,G,153,P,L
MT853876,G,155,S,N
MT853876,G,163,T,I
MT853876,G,166,Q,K
MT853876,G,167,A,T
MT853876,G,170,I,T
MT853876,G,179,T,I
MT853876,G,194,L,P
MT853876,G,197,K,R
MT853876,G,204,Q,L
MT853876,G,209,L,P
MT853876,G,230,L,Q
MT853876,G,236,P,S
MT853876,G,240,P,L
MT853876,G,251,Q,_
MT853876,G,254,_,E
MT853876,G,256,H,L
MT853876,G,257,Y,C
MT853876,G,268,S,T
MT853876,G,272,W,R
MT853876,G,278,L,P
MT853876,G,280,P,Q
MT853876,G,284,Q,_
MT853876,G,286,L,H
MT853876,G,287,L,H
MT853876,G,290,L,I
MT853877,G,105,L,P
MT853877,G,110,V,A
MT853877,G,111,P,S
MT853877,G,112,L,P
MT853877,G,114,R,C
MT853877,G,115,L,P
MT853877,G,116,K,E
MT853877,G,120,K,N
MT853877,G,121,S,P
MT853877,G,131,E,V
MT853877,G,132,S,L
MT853877,G,136,C,H
MT853877,G,143,P,S
MT853877,G,149,L,P
MT853877,G,151,H,Y
MT853877,G,153,P,L
MT853877,G,155,S,N
MT853877,G,163,T,I
MT853877,G,166,Q,K
MT853877,G,167,A,T
MT853877,G,170,I,T
MT853877,G,179,T,I
MT853877,G,184,A,V
MT853877,G,194,L,P
MT853877,G,197,K,R
MT853877,G,204,Q,L
MT853877,G,209,L,P
MT853877,G,229,P,L
MT853877,G,230,L,Q
MT853877,G,233,R,K
MT853877,G,236,P,S
MT853877,G,254,_,E
MT853877,G,257,Y,C
MT853877,G,268,S,T
MT853877,G,272,W,R
MT853877,G,278,L,P
MT853877,G,284,Q,_
MT853877,G,286,L,H
MT853877,G,287,L,H
MT853877,G,290,L,I
MT853877,G,296,H,Y
MT853878,G,105,L,P
MT853878,G,110,V,A
MT853878,G,111,P,S
MT853878,G,112,L,P
MT853878,G,114,R,C
MT853878,G,115,L,P
MT853878,G,120,K,N
MT853878,G,121,S,P
MT853878,G,128,Q,_
MT853878,G,136,C,H
MT853878,G,143,P,S
MT853878,G,149,L,P
MT853878,G,151,H,Y
MT853878,G,152,N,Y
MT853878,G,153,P,L
MT853878,G,155,S,N
MT853878,G,163,T,I
MT853878,G,166,Q,K
MT853878,G,167,A,T
MT853878,G,170,I,T
MT853878,G,179,T,I
MT853878,G,194,L,P
MT853878,G,197,K,R
MT853878,G,204,Q,L
MT853878,G,209,L,P
MT853878,G,230,L,Q
MT853878,G,236,P,S
MT853878,G,240,P,L
MT853878,G,254,_,V
MT853878,G,257,Y,C
MT853878,G,268,S,T
MT853878,G,272,W,R
MT853878,G,278,L,P
MT853878,G,284,Q,_
MT853878,G,286,L,Y
MT853878,G,287,L,H
MT853878,G,290,L,I
MT853878,G,296,H,Y
MT853879,G,105,L,P
MT853879,G,110,V,A
MT853879,G,111,P,S
MT853879,G,112,L,P
MT853879,G,114,R,C
MT853879,G,115,L,P
MT853879,G,116,K,E
MT853879,G,120,K,N
MT853879,G,121,S,P
MT853879,G,128,Q,_
MT853879,G,136,C,H
MT853879,G,143,P,S
MT853879,G,149,L,P
MT853879,G,151,H,Y
MT853879,G,152,N,Y
MT853879,G,153,P,L
MT853879,G,155,S,N
MT853879,G,163,T,I
MT853879,G,166,Q,K
MT853879,G,167,A,T
MT853879,G,170,I,T
MT853879,G,179,T,I
MT853879,G,194,L,P
MT853879,G,197,K,R
MT853879,G,204,Q,L
MT853879,G,208,P,L
MT853879,G,209,L,P
MT853879,G,230,L,Q
MT853879,G,236,P,S
MT853879,G,240,P,L
MT853879,G,243,S,R
MT853879,G,254,_,E
MT853879,G,255,L,P
MT853879,G,257,Y,C
MT853879,G,268,S,T
MT853879,G,272,W,R
MT853879,G,278,L,P
MT853879,G,286,L,H
MT853879,G,287,L,H
MT853879,G,290,L,I
MT853879,G,296,H,Y
MT853880,G,105,L,P
MT853880,G,110,V,A
MT853880,G,111,P,S
MT853880,G,112,L,P
MT853880,G,114,R,C
MT853880,G,115,L,P
MT853880,G,120,K,N
MT853880,G,121,S,P
MT853880,G,128,Q,_
MT853880,G,136,C,H
MT853880,G,143,P,S
MT853880,G,149,L,P
MT853880,G,151,H,Y
MT853880,G,152,N,Y
MT853880,G,153,P,L
MT853880,G,155,S,N
MT853880,G,163,T,I
MT853880,G,166,Q,K
MT853880,G,167,A,T
MT853880,G,170,I,T
MT853880,G,179,T,I
MT853880,G,194,L,P
MT853880,G,197,K,R
MT853880,G,204,Q,L
MT853880,G,209,L,P
MT853880,G,230,L,Q
MT853880,G,236,P,S
MT853880,G,240,P,L
MT853880,G,254,_,E
MT853880,G,257,Y,C
MT853880,G,268,S,T
MT853880,G,272,W,R
MT853880,G,278,L,P
MT853880,G,284,Q,_
MT853880,G,285,A,T
MT853880,G,286,L,Y
MT853880,G,287,L,H
MT853880,G,290,L,I
MT853880,G,296,H,Y
MT853881,G,105,L,P
MT853881,G,110,V,A
MT853881,G,111,P,S
MT853881,G,112,L,P
MT853881,G,114,R,C
MT853881,G,115,L,P
MT853881,G,116,K,E
MT853881,G,120,K,N
MT853881,G,121,S,P
MT853881,G,128,Q,_
MT853881,G,136,C,H
MT853881,G,143,P,S
MT853881,G,149,L,P
MT853881,G,151,H,Y
MT853881,G,152,N,Y
MT853881,G,153,P,L
MT853881,G,155,S,N
MT853881,G,163,T,I
MT853881,G,166,Q,K
MT853881,G,167,A,T
MT853881,G,170,I,T
MT853881,G,179,T,I
MT853881,G,194,L,P
MT853881,G,197,K,R
MT853881,G,204,Q,L
MT853881,G,209,L,P
MT853881,G,230,L,Q
MT853881,G,236,P,S
MT853881,G,240,P,L
MT853881,G,251,Q,_
MT853881,G,254,_,E
MT853881,G,256,H,L
MT853881,G,257,Y,C
MT853881,G,268,S,T
MT853881,G,272,W,R
MT853881,G,278,L,P
MT853881,G,280,P,Q
MT853881,G,284,Q,_
MT853881,G,286,L,H
MT853881,G,287,L,H
MT853881,G,290,L,I
MT853882,G,105,L,P
MT853882,G,110,V,A
MT853882,G,111,P,S
MT853882,G,112,L,P
MT853882,G,114,R,C
MT853882,G,115,L,P
MT853882,G,120,K,N
MT853882,G,121,S,P
MT853882,G,128,Q,_
MT853882,G,136,C,H
MT853882,G,143,P,S
MT853882,G,149,L,P
MT853882,G,151,H,Y
MT853882,G,152,N,Y
MT853882,G,153,P,L
MT853882,G,155,S,N
MT853882,G,163,T,I
MT853882,G,166,Q,K
MT853882,G,167,A,T
MT853882,G,170,I,T
MT853882,G,179,T,I
MT853882,G,194,L,P
MT853882,G,197,K,R
MT853882,G,204,Q,L
MT853882,G,209,L,P
MT853882,G,230,L,Q
MT853882,G,236,P,S
MT853882,G,240,P,L
MT853882,G,254,_,E
MT853882,G,257,Y,C
MT853882,G,268,S,T
MT853882,G,272,W,R
MT853882,G,278,L,P
MT853882,G,284,Q,_
MT853882,G,286,L,H
MT853882,G,287,L,H
MT853882,G,290,L,I
MT853882,G,296,H,Y
MT853883,G,105,L,P
MT853883,G,110,V,A
MT853883,G,111,P,S
MT853883,G,112,L,P
MT853883,G,114,R,C
MT853883,G,115,L,P
MT853883,G,116,K,E
MT853883,G,120,K,N
MT853883,G,121,S,P
MT853883,G,128,Q,_
MT853883,G,136,C,H
MT853883,G,143,P,S
MT853883,G,149,L,P
MT853883,G,151,H,Y
MT853883,G,152,N,Y
MT853883,G,153,P,L
MT853883,G,155,S,N
MT853883,G,163,T,I
MT853883,G,166,Q,K
MT853883,G,167,A,T
MT853883,G,170,I,T
MT853883,G,179,T,I
MT853883,G,194,L,P
MT853883,G,197,K,R
MT853883,G,204,Q,L
MT853883,G,209,L,P
MT853883,G,230,L,Q
MT853883,G,236,P,S
MT853883,G,240,P,L
MT853883,G,251,Q,_
MT853883,G,254,_,E
MT853883,G,257,Y,C
MT853883,G,268,S,T
MT853883,G,272,W,R
MT853883,G,278,L,P
MT853883,G,284,Q,_
MT853883,G,286,L,H
MT853883,G,287,L,H
MT853883,G,290,L,I
MT853884,G,105,L,P
MT853884,G,110,V,A
MT853884,G,111,P,S
MT853884,G,112,L,P
MT853884,G,114,R,C
MT853884,G,115,L,P
MT853884,G,120,K,N
MT853884,G,121,S,P
MT853884,G,128,Q,_
MT853884,G,136,C,H
MT853884,G,143,P,S
MT853884,G,149,L,P
MT853884,G,151,H,Y
MT853884,G,152,N,Y
MT853884,G,153,P,L
MT853884,G,155,S,N
MT853884,G,163,T,I
MT853884,G,166,Q,K
MT853884,G,167,A,T
MT853884,G,170,I,T
MT853884,G,179,T,I
MT853884,G,194,L,P
MT853884,G,197,K,R
MT853884,G,204,Q,L
MT853884,G,209,L,P
MT853884,G,230,L,Q
MT853884,G,236,P,S
MT853884,G,240,P,L
MT853884,G,254,_,V
MT853884,G,257,Y,C
MT853884,G,268,S,T
MT853884,G,272,W,R
MT853884,G,278,L,P
MT853884,G,284,Q,_
MT853884,G,286,L,Y
MT853884,G,287,L,H
MT853884,G,290,L,I
MT853884,G,296,H,Y
MT853885,G,105,L,P
MT853885,G,110,V,A
MT853885,G,111,P,S
MT853885,G,112,L,P
MT853885,G,114,R,C
MT853885,G,115,L,P
MT853885,G,120,K,N
MT853885,G,121,S,P
MT853885,G,128,Q,_
MT853885,G,136,C,H
MT853885,G,143,P,S
MT853885,G,149,L,P
MT853885,G,151,H,Y
MT853885,G,152,N,Y
MT853885,G,153,P,L
MT853885,G,155,S,N
MT853885,G,163,T,I
MT853885,G,166,Q,K
MT853885,G,167,A,T
MT853885,G,170,I,T
MT853885,G,179,T,I
MT853885,G,194,L,P
MT853885,G,197,K,R
MT853885,G,204,Q,L
MT853885,G,209,L,P
MT853885,G,230,L,Q
MT853885,G,236,P,S
MT853885,G,240,P,L
MT853885,G,254,_,V
MT853885,G,257,Y,C
MT853885,G,268,S,T
MT853885,G,272,W,R
MT853885,G,278,L,P
MT853885,G,284,Q,_
MT853885,G,286,L,Y
MT853885,G,287,L,H
MT853885,G,290,L,I
MT853885,G,296,H,Y
MT853886,G,105,L,P
MT853886,G,110,V,A
MT853886,G,111,P,S
MT853886,G,112,L,P
MT853886,G,114,R,C
MT853886,G,115,L,P
MT853886,G,120,K,N
MT853886,G,121,S,P
MT853886,G,124,Y,H
MT853886,G,128,Q,_
MT853886,G,136,C,H
MT853886,G,143,P,S
MT853886,G,149,L,P
MT853886,G,151,H,Y
MT853886,G,152,N,Y
MT853886,G,153,P,L
MT853886,G,155,S,N
MT853886,G,163,T,I
MT853886,G,166,Q,K
MT853886,G,167,A,T
MT853886,G,170,I,T
MT853886,G,179,T,I
MT853886,G,194,L,P
MT853886,G,197,K,R
MT853886,G,204,Q,L
MT853886,G,209,L,P
MT853886,G,230,L,Q
MT853886,G,236,P,S
MT853886,G,240,P,L
MT853886,G,254,_,E
MT853886,G,257,Y,C
MT853886,G,268,S,T
MT853886,G,272,W,R
MT853886,G,278,L,P
MT853886,G,284,Q,_
MT853886,G,286,L,H
MT853886,G,287,L,H
MT853886,G,290,L,I
MT853886,G,296,H,Y
MT853887,G,105,L,P
MT853887,G,110,V,A
MT853887,G,111,P,S
MT853887,G,112,L,P
MT853887,G,114,R,C
MT853887,G,115,L,P
MT853887,G,116,K,E
MT853887,G,120,K,N
MT853887,G,121,S,P
MT853887,G,128,Q,_
MT853887,G,136,C,H
MT853887,G,143,P,S
MT853887,G,149,L,P
MT853887,G,151,H,Y
MT853887,G,152,N,Y
MT853887,G,153,P,L
MT853887,G,155,S,N
MT853887,G,163,T,I
MT853887,G,166,Q,K
MT853887,G,167,A,T
MT853887,G,170,I,T
MT853887,G,179,T,I
MT853887,G,194,L,P
MT853887,G,197,K,R
MT853887,G,204,Q,L
MT853887,G,209,L,P
MT853887,G,230,L,Q
MT853887,G,236,P,S
MT853887,G,246,S,L
MT853887,G,254,_,E
MT853887,G,257,Y,C
MT853887,G,263,Q,_
MT853887,G,268,S,T
MT853887,G,272,W,R
MT853887,G,278,L,P
MT853887,G,284,Q,_
MT853887,G,286,L,H
MT853887,G,287,L,H
MT853887,G,290,L,I
MT853887,G,296,H,Y
MT853888,G,105,L,P
MT853888,G,110,V,A
MT853888,G,111,P,S
MT853888,G,112,L,P
MT853888,G,114,R,C
MT853888,G,115,L,P
MT853888,G,116,K,E
MT853888,G,120,K,N
MT853888,G,121,S,P
MT853888,G,131,E,V
MT853888,G,132,S,L
MT853888,G,136,C,H
MT853888,G,140,Q,_
MT853888,G,143,P,S
MT853888,G,149,L,P
MT853888,G,151,H,Y
MT853888,G,152,N,Y
MT853888,G,153,P,L
MT853888,G,155,S,N
MT853888,G,163,T,I
MT853888,G,166,Q,K
MT853888,G,167,A,T
MT853888,G,170,I,T
MT853888,G,179,T,I
MT853888,G,194,L,P
MT853888,G,197,K,R
MT853888,G,201,T,I
MT853888,G,204,Q,L
MT853888,G,208,P,L
MT853888,G,209,L,P
MT853888,G,230,L,Q
MT853888,G,236,P,S
MT853888,G,240,P,L
MT853888,G,254,_,E
MT853888,G,257,Y,C
MT853888,G,268,S,T
MT853888,G,272,W,R
MT853888,G,278,L,P
MT853888,G,286,L,H
MT853888,G,287,L,H
MT853888,G,290,L,I
MT853888,G,296,H,Y
MT853889,G,105,L,P
MT853889,G,110,V,A
MT853889,G,111,P,S
MT853889,G,112,L,P
MT853889,G,114,R,C
MT853889,G,115,L,P
MT853889,G,120,K,N
MT853889,G,121,S,P
MT853889,G,128,Q,_
MT853889,G,136,C,H
MT853889,G,143,P,S
MT853889,G,149,L,P
MT853889,G,151,H,Y
MT853889,G,152,N,Y
MT853889,G,153,P,L
MT853889,G,155,S,N
MT853889,G,163,T,I
MT853889,G,166,Q,K
MT853889,G,167,A,T
MT853889,G,170,I,T
MT853889,G,179,T,I
MT853889,G,194,L,P
MT853889,G,197,K,R
MT853889,G,204,Q,L
MT853889,G,209,L,P
MT853889,G,230,L,Q
MT853889,G,235,Y,H
MT853889,G,236,P,S
MT853889,G,240,P,L
MT853889,G,254,_,V
MT853889,G,257,Y,C
MT853889,G,268,S,T
MT853889,G,272,W,R
MT853889,G,278,L,P
MT853889,G,286,L,Y
MT853889,G,287,L,H
MT853889,G,290,L,I
MT853889,G,296,H,Y
MT853890,G,105,L,P
MT853890,G,110,V,A
MT853890,G,111,P,S
MT853890,G,112,L,P
MT853890,G,114,R,C
MT853890,G,115,L,P
MT853890,G,120,K,N
MT853890,G,121,S,P
MT853890,G,128,Q,_
MT853890,G,136,C,H
MT853890,G,143,P,S
MT853890,G,149,L,P
MT853890,G,151,H,Y
MT853890,G,152,N,Y
MT853890,G,153,P,L
MT853890,G,155,S,N
MT853890,G,163,T,I
MT853890,G,166,Q,K
MT853890,G,167,A,T
MT853890,G,170,I,T
MT853890,G,179,T,I
MT853890,G,194,L,P
MT853890,G,197,K,R
MT853890,G,204,Q,L
MT853890,G,209,L,P
MT853890,G,230,L,Q
MT853890,G,236,P,S
MT853890,G,240,P,L
MT853890,G,254,_,V
MT853890,G,257,Y,C
MT853890,G,268,S,T
MT853890,G,272,W,R
MT853890,G,278,L,P
MT853890,G,284,Q,_
MT853890,G,286,L,Y
MT853890,G,287,L,H
MT853890,G,290,L,I
MT853890,G,296,H,Y
MT853891,G,105,L,P
MT853891,G,110,V,A
MT853891,G,111,P,S
MT853891,G,112,L,P
MT853891,G,114,R,C
MT853891,G,115,L,P
MT853891,G,120,K,N
MT853891,G,121,S,P
MT853891,G,128,Q,_
MT853891,G,136,C,H
MT853891,G,143,P,S
MT853891,G,149,L,P
MT853891,G,151,H,Y
MT853891,G,152,N,Y
MT853891,G,153,P,L
MT853891,G,155,S,N
MT853891,G,163,T,I
MT853891,G,166,Q,K
MT853891,G,167,A,T
MT853891,G,170,I,T
MT853891,G,172,I,T
MT853891,G,179,T,I
MT853891,G,194,L,P
MT853891,G,197,K,R
MT853891,G,204,Q,L
MT853891,G,209,L,P
MT853891,G,230,L,Q
MT853891,G,236,P,S
MT853891,G,240,P,L
MT853891,G,254,_,V
MT853891,G,257,Y,C
MT853891,G,268,S,T
MT853891,G,272,W,R
MT853891,G,278,L,P
MT853891,G,284,Q,_
MT853891,G,286,L,Y
MT853891,G,287,L,H
MT853891,G,290,L,I
MT853891,G,296,H,Y
MT853892,G,105,L,P
MT853892,G,107,L,_
MT853892,G,110,V,A
MT853892,G,111,P,S
MT853892,G,112,L,P
MT853892,G,114,R,C
MT853892,G,115,L,P
MT853892,G,120,K,N
MT853892,G,121,S,P
MT853892,G,128,Q,_
MT853892,G,131,E,A
MT853892,G,132,S,L
MT853892,G,136,C,H
MT853892,G,143,P,S
MT853892,G,149,L,P
MT853892,G,151,H,Y
MT853892,G,152,N,Y
MT853892,G,153,P,L
MT853892,G,155,S,N
MT853892,G,163,T,I
MT853892,G,166,Q,K
MT853892,G,167,A,T
MT853892,G,170,I,T
MT853892,G,179,T,I
MT853892,G,194,L,P
MT853892,G,197,K,R
MT853892,G,204,Q,L
MT853892,G,209,L,P
MT853892,G,230,L,Q
MT853892,G,236,P,S
MT853892,G,240,P,L
MT853892,G,254,_,E
MT853892,G,257,Y,C
MT853892,G,268,S,T
MT853892,G,272,W,R
MT853892,G,278,L,P
MT853892,G,284,Q,Y
MT853892,G,286,L,H
MT853892,G,287,L,H
MT853892,G,290,L,I
MT853892,G,296,H,Y
MT853893,G,105,L,P
MT853893,G,110,V,A
MT853893,G,111,P,S
MT853893,G,112,L,P
MT853893,G,114,R,C
MT853893,G,115,L,P
MT853893,G,116,K,E
MT853893,G,120,K,N
MT853893,G,121,S,P
MT853893,G,131,E,V
MT853893,G,132,S,L
MT853893,G,136,C,H
MT853893,G,140,Q,_
MT853893,G,143,P,S
MT853893,G,149,L,P
MT853893,G,151,H,Y
MT853893,G,152,N,Y
MT853893,G,153,P,L
MT853893,G,155,S,N
MT853893,G,163,T,I
MT853893,G,166,Q,K
MT853893,G,167,A,T
MT853893,G,170,I,T
MT853893,G,179,T,I
MT853893,G,194,L,P
MT853893,G,197,K,R
MT853893,G,204,Q,L
MT853893,G,209,L,P
MT853893,G,230,L,Q
MT853893,G,236,P,S
MT853893,G,253,S,P
MT853893,G,254,_,E
MT853893,G,255,L,P
MT853893,G,257,Y,C
MT853893,G,263,Q,_
MT853893,G,268,S,T
MT853893,G,272,W,R
MT853893,G,278,L,P
MT853893,G,284,Q,_
MT853893,G,286,L,H
MT853893,G,287,L,H
MT853893,G,290,L,I
MT853893,G,296,H,Y
MT853894,G,105,L,P
MT853894,G,110,V,A
MT853894,G,111,P,S
MT853894,G,112,L,P
MT853894,G,114,R,C
MT853894,G,115,L,P
MT853894,G,120,K,N
MT853894,G,121,S,P
MT853894,G,128,Q,_
MT853894,G,136,C,H
MT853894,G,143,P,S
MT853894,G,149,L,P
MT853894,G,151,H,Y
MT853894,G,152,N,Y
MT853894,G,153,P,L
MT853894,G,155,S,N
MT853894,G,163,T,I
MT853894,G,166,Q,K
MT853894,G,167,A,T
MT853894,G,170,I,T
MT853894,G,179,T,I
MT853894,G,194,L,P
MT853894,G,197,K,R
MT853894,G,204,Q,L
MT853894,G,209,L,P
MT853894,G,230,L,Q
MT853894,G,235,Y,H
MT853894,G,236,P,S
MT853894,G,240,P,L
MT853894,G,254,_,V
MT853894,G,257,Y,C
MT853894,G,268,S,T
MT853894,G,272,W,R
MT853894,G,278,L,P
MT853894,G,286,L,Y
MT853894,G,287,L,H
MT853894,G,290,L,I
MT853894,G,296,H,Y
MT853895,G,136,C,H
MT853895,G,143,P,S
MT853895,G,149,L,P
MT853895,G,151,H,Y
MT853895,G,152,N,Y
MT853895,G,153,P,L
MT853895,G,155,S,N
MT853895,G,163,T,I
MT853895,G,166,Q,K
MT853895,G,167,A,T
MT853895,G,170,I,T
MT853895,G,179,T,I
MT853895,G,194,L,P
MT853895,G,197,K,R
MT853895,G,204,Q,L
MT853895,G,209,L,P
MT853895,G,230,L,Q
MT853895,G,236,P,S
MT853895,G,240,P,L
MT853895,G,243,S,R
MT853895,G,254,_,E
MT853895,G,255,L,P
MT853895,G,257,Y,C
MT853895,G,268,S,T
MT853895,G,272,W,R
MT853895,G,278,L,P
MT853895,G,286,L,H
MT853895,G,287,L,H
MT853895,G,290,L,I
MT853895,G,296,H,Y
MT853896,G,105,L,P
MT853896,G,110,V,A
MT853896,G,111,P,S
MT853896,G,112,L,P
MT853896,G,114,R,C
MT853896,G,115,L,P
MT853896,G,120,K,N
MT853896,G,121,S,P
MT853896,G,128,Q,_
MT853896,G,136,C,H
MT853896,G,143,P,S
MT853896,G,149,L,P
MT853896,G,151,H,Y
MT853896,G,152,N,Y
MT853896,G,153,P,L
MT853896,G,155,S,N
MT853896,G,163,T,I
MT853896,G,166,Q,K
MT853896,G,167,A,T
MT853896,G,170,I,T
MT853896,G,179,T,I
MT853896,G,194,L,P
MT853896,G,197,K,R
MT853896,G,204,Q,L
MT853896,G,209,L,P
MT853896,G,230,L,Q
MT853896,G,236,P,S
MT853896,G,240,P,L
MT853896,G,244,Q,R
MT853896,G,250,K,R
MT853896,G,254,_,E
MT853896,G,257,Y,C
MT853896,G,259,P,H
MT853896,G,267,N,S
MT853896,G,268,S,T
MT853896,G,271,K,R
MT853896,G,272,W,R
MT853896,G,278,L,P
MT853896,G,284,Q,_
MT853896,G,286,L,H
MT853896,G,287,L,H
MT853896,G,290,L,I
MT853896,G,296,H,Y
MT853897,G,105,L,P
MT853897,G,110,V,A
MT853897,G,111,P,S
MT853897,G,112,L,P
MT853897,G,114,R,C
MT853897,G,115,L,P
MT853897,G,120,K,N
MT853897,G,121,S,P
MT853897,G,128,Q,_
MT853897,G,136,C,H
MT853897,G,143,P,S
MT853897,G,149,L,P
MT853897,G,151,H,Y
MT853897,G,152,N,Y
MT853897,G,153,P,L
MT853897,G,155,S,N
MT853897,G,163,T,I
MT853897,G,166,Q,K
MT853897,G,167,A,T
MT853897,G,170,I,T
MT853897,G,179,T,I
MT853897,G,194,L,P
MT853897,G,197,K,R
MT853897,G,204,Q,L
MT853897,G,209,L,P
MT853897,G,230,L,Q
MT853897,G,236,P,S
MT853897,G,240,P,L
MT853897,G,254,_,V
MT853897,G,257,Y,C
MT853897,G,268,S,T
MT853897,G,272,W,R
MT853897,G,278,L,P
MT853897,G,284,Q,_
MT853897,G,286,L,Y
MT853897,G,287,L,H
MT853897,G,290,L,I
MT853897,G,296,H,Y
MT853898,G,105,L,P
MT853898,G,110,V,T
MT853898,G,111,P,S
MT853898,G,112,L,P
MT853898,G,114,R,C
MT853898,G,116,K,E
MT853898,G,120,K,N
MT853898,G,121,S,P
MT853898,G,131,E,V
MT853898,G,132,S,L
MT853898,G,136,C,H
MT853898,G,143,P,S
MT853898,G,149,L,P
MT853898,G,151,H,Y
MT853898,G,153,P,L
MT853898,G,155,S,N
MT853898,G,166,Q,K
MT853898,G,167,A,T
MT853898,G,170,I,T
MT853898,G,179,T,I
MT853898,G,187,A,V
MT853898,G,194,L,P
MT853898,G,197,K,R
MT853898,G,204,Q,L
MT853898,G,209,L,P
MT853898,G,225,P,L
MT853898,G,228,K,_
MT853898,G,230,L,Q
MT853898,G,236,P,S
MT853898,G,237,P,L
MT853898,G,254,_,E
MT853898,G,257,Y,C
MT853898,G,268,S,T
MT853898,G,270,V,I
MT853898,G,272,W,R
MT853898,G,276,T,I
MT853898,G,278,L,P
MT853898,G,284,Q,_
MT853898,G,286,L,H
MT853898,G,287,L,H
MT853898,G,290,L,I
MT853898,G,296,H,Y
MT853899,G,105,L,P
MT853899,G,110,V,A
MT853899,G,111,P,S
MT853899,G,112,L,P
MT853899,G,114,R,C
MT853899,G,115,L,P
MT853899,G,116,K,E
MT853899,G,120,K,N
MT853899,G,121,S,P
MT853899,G,131,E,V
MT853899,G,132,S,L
MT853899,G,136,C,H
MT853899,G,143,P,S
MT853899,G,149,L,P
MT853899,G,151,H,Y
MT853899,G,153,P,L
MT853899,G,155,S,N
MT853899,G,163,T,I
MT853899,G,166,Q,K
MT853899,G,167,A,T
MT853899,G,170,I,T
MT853899,G,179,T,I
MT853899,G,184,A,V
MT853899,G,194,L,P
MT853899,G,197,K,R
MT853899,G,204,Q,L
MT853899,G,209,L,P
MT853899,G,229,P,L
MT853899,G,230,L,Q
MT853899,G,233,R,K
MT853899,G,236,P,S
MT853899,G,254,_,E
MT853899,G,257,Y,C
MT853899,G,268,S,T
MT853899,G,272,W,R
MT853899,G,278,L,P
MT853899,G,284,Q,_
MT853899,G,286,L,H
MT853899,G,287,L,H
MT853899,G,290,L,I
MT853899,G,296,H,Y
MT853900,G,105,L,P
MT853900,G,110,V,A
MT853900,G,111,P,S
MT853900,G,112,L,P
MT853900,G,114,R,C
MT853900,G,115,L,P
MT853900,G,116,K,E
MT853900,G,120,K,N
MT853900,G,121,S,P
MT853900,G,131,E,V
MT853900,G,132,S,L
MT853900,G,136,C,H
MT853900,G,143,P,S
MT853900,G,147,Q,P
MT853900,G,149,L,P
MT853900,G,151,H,Y
MT853900,G,153,P,L
MT853900,G,155,S,N
MT853900,G,163,T,I
MT853900,G,166,Q,K
MT853900,G,167,A,T
MT853900,G,170,I,T
MT853900,G,179,T,I
MT853900,G,194,L,P
MT853900,G,197,K,R
MT853900,G,204,Q,L
MT853900,G,209,L,P
MT853900,G,230,L,Q
MT853900,G,236,P,S
MT853900,G,242,K,I
MT853900,G,246,S,L
MT853900,G,254,_,E
MT853900,G,257,Y,C
MT853900,G,268,S,T
MT853900,G,272,W,R
MT853900,G,278,L,P
MT853900,G,286,L,H
MT853900,G,287,L,H
MT853900,G,290,L,I
MT853901,G,105,L,P
MT853901,G,110,V,A
MT853901,G,111,P,S
MT853901,G,112,L,P
MT853901,G,114,R,C
MT853901,G,115,L,P
MT853901,G,120,K,N
MT853901,G,121,S,P
MT853901,G,128,Q,_
MT853901,G,136,C,H
MT853901,G,143,P,S
MT853901,G,149,L,P
MT853901,G,151,H,Y
MT853901,G,152,N,Y
MT853901,G,153,P,L
MT853901,G,155,S,N
MT853901,G,163,T,I
MT853901,G,166,Q,K
MT853901,G,167,A,T
MT853901,G,170,I,T
MT853901,G,179,T,I
MT853901,G,194,L,P
MT853901,G,197,K,R
MT853901,G,204,Q,L
MT853901,G,209,L,P
MT853901,G,230,L,Q
MT853901,G,236,P,S
MT853901,G,240,P,L
MT853901,G,244,Q,R
MT853901,G,250,K,R
MT853901,G,254,_,E
MT853901,G,257,Y,C
MT853901,G,267,N,S
MT853901,G,268,S,T
MT853901,G,271,K,R
MT853901,G,272,W,R
MT853901,G,278,L,P
MT853901,G,284,Q,_
MT853901,G,286,L,H
MT853901,G,287,L,H
MT853901,G,290,L,I
MT853901,G,296,H,Y
MT853902,G,105,L,P
MT853902,G,110,V,A
MT853902,G,111,P,S
MT853902,G,112,L,P
MT853902,G,114,R,C
MT853902,G,115,L,P
MT853902,G,120,K,N
MT853902,G,121,S,P
MT853902,G,128,Q,_
MT853902,G,136,C,H
MT853902,G,143,P,S
MT853902,G,149,L,P
MT853902,G,151,H,Y
MT853902,G,152,N,Y
MT853902,G,153,P,L
MT853902,G,155,S,N
MT853902,G,163,T,I
MT853902,G,166,Q,K
MT853902,G,167,A,T
MT853902,G,170,I,T
MT853902,G,179,T,I
MT853902,G,194,L,P
MT853902,G,197,K,R
MT853902,G,204,Q,L
MT853902,G,209,L,P
MT853902,G,230,L,Q
MT853902,G,236,P,S
MT853902,G,240,P,L
MT853902,G,254,_,E
MT853902,G,257,Y,C
MT853902,G,268,S,T
MT853902,G,270,V,A
MT853902,G,272,W,R
MT853902,G,278,L,P
MT853902,G,284,Q,_
MT853902,G,286,L,H
MT853902,G,287,L,H
MT853902,G,290,L,I
MT853902,G,296,H,Y
MT853903,G,105,L,P
MT853903,G,110,V,A
MT853903,G,111,P,S
MT853903,G,112,L,P
MT853903,G,114,R,C
MT853903,G,115,L,P
MT853903,G,120,K,N
MT853903,G,121,S,P
MT853903,G,128,Q,_
MT853903,G,136,C,H
MT853903,G,143,P,S
MT853903,G,149,L,P
MT853903,G,151,H,Y
MT853903,G,152,N,Y
MT853903,G,153,P,L
MT853903,G,155,S,N
MT853903,G,163,T,I
MT853903,G,166,Q,K
MT853903,G,167,A,T
MT853903,G,170,I,T
MT853903,G,179,T,I
MT853903,G,194,L,P
MT853903,G,197,K,R
MT853903,G,204,Q,L
MT853903,G,209,L,P
MT853903,G,230,L,Q
MT853903,G,236,P,S
MT853903,G,240,P,L
MT853903,G,254,_,E
MT853903,G,257,Y,C
MT853903,G,268,S,T
MT853903,G,272,W,R
MT853903,G,278,L,P
MT853903,G,284,Q,_
MT853903,G,286,L,Y
MT853903,G,287,L,H
MT853903,G,290,L,I
MT853903,G,296,H,Y
MT853904,G,105,L,P
MT853904,G,110,V,A
MT853904,G,111,P,S
MT853904,G,112,L,P
MT853904,G,114,R,C
MT853904,G,115,L,P
MT853904,G,120,K,N
MT853904,G,121,S,P
MT853904,G,128,Q,_
MT853904,G,136,C,H
MT853904,G,143,P,S
MT853904,G,149,L,P
MT853904,G,151,H,Y
MT853904,G,152,N,Y
MT853904,G,153,P,L
MT853904,G,155,S,N
MT853904,G,163,T,I
MT853904,G,166,Q,K
MT853904,G,167,A,T
MT853904,G,170,I,T
MT853904,G,179,T,I
MT853904,G,194,L,P
MT853904,G,197,K,R
MT853904,G,204,Q,L
MT853904,G,209,L,P
MT853904,G,230,L,Q
MT853904,G,236,P,S
MT853904,G,240,P,L
MT853904,G,254,_,V
MT853904,G,257,Y,C
MT853904,G,268,S,T
MT853904,G,272,W,R
MT853904,G,278,L,P
MT853904,G,284,Q,_
MT853904,G,286,L,Y
MT853904,G,287,L,H
MT853904,G,290,L,I
MT853904,G,292,H,P
MT853904,G,296,H,Y
MT853905,G,105,L,P
MT853905,G,110,V,A
MT853905,G,111,P,S
MT853905,G,112,L,P
MT853905,G,114,R,C
MT853905,G,115,L,P
MT853905,G,120,K,N
MT853905,G,121,S,P
MT853905,G,128,Q,_
MT853905,G,136,C,H
MT853905,G,143,P,S
MT853905,G,149,L,P
MT853905,G,151,H,Y
MT853905,G,152,N,Y
MT853905,G,153,P,L
MT853905,G,155,S,N
MT853905,G,163,T,I
MT853905,G,166,Q,K
MT853905,G,167,A,T
MT853905,G,170,I,T
MT853905,G,179,T,I
MT853905,G,194,L,P
MT853905,G,197,K,R
MT853905,G,204,Q,L
MT853905,G,209,L,P
MT853905,G,227,L,P
MT853905,G,230,L,Q
MT853905,G,236,P,S
MT853905,G,254,_,V
MT853905,G,257,Y,C
MT853905,G,268,S,T
MT853905,G,272,W,R
MT853905,G,278,L,P
MT853905,G,284,Q,_
MT853905,G,286,L,Y
MT853905,G,287,L,H
MT853905,G,290,L,I
MT853905,G,296,H,Y
MT853906,G,105,L,P
MT853906,G,110,V,A
MT853906,G,111,P,S
MT853906,G,112,L,P
MT853906,G,114,R,C
MT853906,G,115,L,P
MT853906,G,120,K,N
MT853906,G,121,S,P
MT853906,G,128,Q,_
MT853906,G,136,C,H
MT853906,G,143,P,S
MT853906,G,149,L,P
MT853906,G,151,H,Y
MT853906,G,152,N,Y
MT853906,G,153,P,L
MT853906,G,155,S,N
MT853906,G,163,T,I
MT853906,G,166,Q,K
MT853906,G,167,A,T
MT853906,G,170,I,T
MT853906,G,179,T,I
MT853906,G,194,L,P
MT853906,G,197,K,R
MT853906,G,204,Q,L
MT853906,G,209,L,P
MT853906,G,230,L,Q
MT853906,G,236,P,S
MT853906,G,240,P,L
MT853906,G,254,_,E
MT853906,G,257,Y,C
MT853906,G,268,S,T
MT853906,G,272,W,R
MT853906,G,278,L,P
MT853906,G,284,Q,_
MT853906,G,286,L,H
MT853906,G,287,L,H
MT853906,G,290,L,I
MT853906,G,296,H,Y
MT853907,G,105,L,P
MT853907,G,110,V,A
MT853907,G,111,P,S
MT853907,G,112,L,P
MT853907,G,114,R,C
MT853907,G,115,L,P
MT853907,G,120,K,N
MT853907,G,121,S,P
MT853907,G,128,Q,_
MT853907,G,136,C,H
MT853907,G,143,P,S
MT853907,G,149,L,P
MT853907,G,151,H,Y
MT853907,G,152,N,Y
MT853907,G,153,P,L
MT853907,G,155,S,N
MT853907,G,163,T,I
MT853907,G,166,Q,K
MT853907,G,167,A,T
MT853907,G,170,I,T
MT853907,G,179,T,I
MT853907,G,194,L,P
MT853907,G,197,K,R
MT853907,G,204,Q,L
MT853907,G,209,L,P
MT853907,G,230,L,Q
MT853907,G,236,P,S
MT853907,G,240,P,L
MT853907,G,254,_,E
MT853907,G,257,Y,C
MT853907,G,268,S,T
MT853907,G,272,W,R
MT853907,G,273,K,R
MT853907,G,278,L,P
MT853907,G,284,Q,_
MT853907,G,286,L,H
MT853907,G,287,L,H
MT853907,G,290,L,I
MT853907,G,296,H,Y
MT853908,G,105,L,P
MT853908,G,110,V,A
MT853908,G,111,P,S
MT853908,G,112,L,P
MT853908,G,114,R,C
MT853908,G,115,L,P
MT853908,G,120,K,N
MT853908,G,121,S,P
MT853908,G,128,Q,_
MT853908,G,136,C,H
MT853908,G,143,P,S
MT853908,G,149,L,P
MT853908,G,151,H,Y
MT853908,G,152,N,Y
MT853908,G,153,P,L
MT853908,G,155,S,N
MT853908,G,163,T,I
MT853908,G,166,Q,K
MT853908,G,167,A,T
MT853908,G,170,I,T
MT853908,G,179,T,I
MT853908,G,194,L,P
MT853908,G,197,K,R
MT853908,G,204,Q,L
MT853908,G,209,L,P
MT853908,G,230,L,Q
MT853908,G,236,P,S
MT853908,G,240,P,L
MT853908,G,254,_,V
MT853908,G,257,Y,C
MT853908,G,268,S,T
MT853908,G,272,W,R
MT853908,G,278,L,P
MT853908,G,284,Q,_
MT853908,G,286,L,Y
MT853908,G,287,L,H
MT853908,G,290,L,I
MT853908,G,296,H,Y
MT853909,G,105,L,P
MT853909,G,110,V,A
MT853909,G,111,P,S
MT853909,G,112,L,P
MT853909,G,114,R,C
MT853909,G,115,L,P
MT853909,G,120,K,N
MT853909,G,121,S,P
MT853909,G,128,Q,_
MT853909,G,136,C,H
MT853909,G,143,P,S
MT853909,G,149,L,P
MT853909,G,150,K,Q
MT853909,G,151,H,Y
MT853909,G,152,N,Y
MT853909,G,153,P,L
MT853909,G,155,S,N
MT853909,G,163,T,I
MT853909,G,166,Q,K
MT853909,G,167,A,T
MT853909,G,170,I,T
MT853909,G,179,T,I
MT853909,G,194,L,P
MT853909,G,197,K,R
MT853909,G,204,Q,L
MT853909,G,209,L,P
MT853909,G,230,L,Q
MT853909,G,236,P,S
MT853909,G,240,P,L
MT853909,G,254,_,E
MT853909,G,257,Y,C
MT853909,G,268,S,T
MT853909,G,272,W,R
MT853909,G,278,L,P
MT853909,G,284,Q,_
MT853909,G,286,L,H
MT853909,G,287,L,H
MT853909,G,290,L,I
MT853909,G,296,H,Y
MT853910,G,105,L,P
MT853910,G,110,V,A
MT853910,G,111,P,S
MT853910,G,112,L,P
MT853910,G,114,R,C
MT853910,G,115,L,P
MT853910,G,120,K,N
MT853910,G,121,S,P
MT853910,G,128,Q,_
MT853910,G,136,C,H
MT853910,G,143,P,S
MT853910,G,149,L,P
MT853910,G,151,H,Y
MT853910,G,152,N,Y
MT853910,G,153,P,L
MT853910,G,155,S,N
MT853910,G,163,T,I
MT853910,G,166,Q,K
MT853910,G,167,A,T
MT853910,G,170,I,T
MT853910,G,179,T,I
MT853910,G,194,L,P
MT853910,G,197,K,R
MT853910,G,204,Q,L
MT853910,G,209,L,P
MT853910,G,230,L,Q
MT853910,G,236,P,S
MT853910,G,240,P,L
MT853910,G,254,_,E
MT853910,G,257,Y,C
MT853910,G,268,S,T
MT853910,G,272,W,R
MT853910,G,278,L,P
MT853910,G,284,Q,_
MT853910,G,286,L,H
MT853910,G,287,L,H
MT853910,G,290,L,I
MT853910,G,296,H,Y
MT853910,G,299,L,H
MT853911,G,105,L,P
MT853911,G,110,V,A
MT853911,G,111,P,S
MT853911,G,112,L,P
MT853911,G,114,R,C
MT853911,G,115,L,P
MT853911,G,120,K,N
MT853911,G,121,S,P
MT853911,G,128,Q,_
MT853911,G,136,C,H
MT853911,G,143,P,S
MT853911,G,149,L,P
MT853911,G,151,H,Y
MT853911,G,152,N,Y
MT853911,G,153,P,L
MT853911,G,155,S,N
MT853911,G,163,T,I
MT853911,G,166,Q,K
MT853911,G,167,A,T
MT853911,G,170,I,T
MT853911,G,179,T,I
MT853911,G,194,L,P
MT853911,G,197,K,R
MT853911,G,203,N,K
MT853911,G,204,Q,L
MT853911,G,209,L,P
MT853911,G,230,L,Q
MT853911,G,236,P,S
MT853911,G,240,P,L
MT853911,G,254,_,V
MT853911,G,257,Y,C
MT853911,G,268,S,T
MT853911,G,272,W,R
MT853911,G,278,L,P
MT853911,G,284,Q,_
MT853911,G,286,L,Y
MT853911,G,287,L,H
MT853911,G,290,L,I
MT853911,G,296,H,Y
MT853912,G,105,L,P
MT853912,G,110,V,A
MT853912,G,111,P,S
MT853912,G,112,L,P
MT853912,G,114,R,C
MT853912,G,115,L,P
MT853912,G,120,K,N
MT853912,G,121,S,P
MT853912,G,128,Q,_
MT853912,G,136,C,H
MT853912,G,143,P,S
MT853912,G,149,L,P
MT853912,G,151,H,Y
MT853912,G,152,N,Y
MT853912,G,153,P,L
MT853912,G,155,S,N
MT853912,G,163,T,I
MT853912,G,166,Q,K
MT853912,G,167,A,T
MT853912,G,170,I,T
MT853912,G,179,T,I
MT853912,G,194,L,P
MT853912,G,197,K,R
MT853912,G,203,N,K
MT853912,G,204,Q,L
MT853912,G,209,L,P
MT853912,G,230,L,Q
MT853912,G,236,P,S
MT853912,G,240,P,L
MT853912,G,254,_,V
MT853912,G,257,Y,C
MT853912,G,268,S,T
MT853912,G,272,W,R
MT853912,G,278,L,P
MT853912,G,284,Q,_
MT853912,G,286,L,Y
MT853912,G,287,L,H
MT853912,G,290,L,I
MT853912,G,296,H,Y
MT853913,G,105,L,P
MT853913,G,110,V,A
MT853913,G,111,P,S
MT853913,G,112,L,P
MT853913,G,114,R,C
MT853913,G,115,L,P
MT853913,G,120,K,N
MT853913,G,121,S,P
MT853913,G,128,Q,_
MT853913,G,136,C,H
MT853913,G,143,P,S
MT853913,G,149,L,P
MT853913,G,151,H,Y
MT853913,G,152,N,Y
MT853913,G,153,P,L
MT853913,G,155,S,N
MT853913,G,163,T,I
MT853913,G,166,Q,K
MT853913,G,167,A,T
MT853913,G,170,I,T
MT853913,G,179,T,I
MT853913,G,191,P,S
MT853913,G,194,L,P
MT853913,G,197,K,R
MT853913,G,204,Q,L
MT853913,G,209,L,P
MT853913,G,230,L,Q
MT853913,G,236,P,S
MT853913,G,254,_,V
MT853913,G,257,Y,C
MT853913,G,268,S,T
MT853913,G,272,W,R
MT853913,G,278,L,P
MT853913,G,284,Q,_
MT853913,G,286,L,Y
MT853913,G,287,L,H
MT853913,G,290,L,I
MT853913,G,296,H,Y
MT853914,G,105,L,P
MT853914,G,110,V,A
MT853914,G,111,P,S
MT853914,G,112,L,P
MT853914,G,114,R,C
MT853914,G,115,L,P
MT853914,G,120,K,N
MT853914,G,121,S,P
MT853914,G,128,Q,_
MT853914,G,136,C,H
MT853914,G,143,P,S
MT853914,G,149,L,S
MT853914,G,151,H,Y
MT853914,G,152,N,Y
MT853914,G,153,P,L
MT853914,G,155,S,N
MT853914,G,163,T,I
MT853914,G,166,Q,K
MT853914,G,167,A,T
MT853914,G,170,I,T
MT853914,G,179,T,I
MT853914,G,194,L,P
MT853914,G,197,K,R
MT853914,G,204,Q,L
MT853914,G,209,L,P
MT853914,G,230,L,Q
MT853914,G,236,P,S
MT853914,G,240,P,L
MT853914,G,248,P,S
MT853914,G,254,_,E
MT853914,G,257,Y,C
MT853914,G,268,S,T
MT853914,G,272,W,R
MT853914,G,278,L,P
MT853914,G,284,Q,_
MT853914,G,286,L,H
MT853914,G,287,L,H
MT853914,G,290,L,I
MT853914,G,296,H,Y
MT853915,G,105,L,P
MT853915,G,110,V,A
MT853915,G,111,P,S
MT853915,G,112,L,P
MT853915,G,114,R,C
MT853915,G,115,L,P
MT853915,G,120,K,N
MT853915,G,121,S,P
MT853915,G,128,Q,_
MT853915,G,136,C,H
MT853915,G,143,P,S
MT853915,G,149,L,P
MT853915,G,151,H,Y
MT853915,G,152,N,Y
MT853915,G,153,P,L
MT853915,G,155,S,N
MT853915,G,163,T,I
MT853915,G,166,Q,K
MT853915,G,167,A,T
MT853915,G,170,I,T
MT853915,G,179,T,I
MT853915,G,194,L,P
MT853915,G,197,K,R
MT853915,G,204,Q,L
MT853915,G,209,L,P
MT853915,G,230,L,Q
MT853915,G,236,P,S
MT853915,G,240,P,L
MT853915,G,254,_,E
MT853915,G,257,Y,C
MT853915,G,268,S,T
MT853915,G,272,W,R
MT853915,G,278,L,P
MT853915,G,284,Q,_
MT853915,G,286,L,H
MT853915,G,287,L,H
MT853915,G,290,L,I
MT853915,G,296,H,Y
MT853916,G,105,L,P
MT853916,G,110,V,A
MT853916,G,111,P,S
MT853916,G,112,L,P
MT853916,G,114,R,C
MT853916,G,115,L,P
MT853916,G,120,K,N
MT853916,G,121,S,P
MT853916,G,128,Q,_
MT853916,G,136,C,H
MT853916,G,143,P,S
MT853916,G,149,L,P
MT853916,G,151,H,Y
MT853916,G,152,N,Y
MT853916,G,153,P,L
MT853916,G,155,S,N
MT853916,G,163,T,I
MT853916,G,166,Q,K
MT853916,G,167,A,T
MT853916,G,170,I,T
MT853916,G,179,T,I
MT853916,G,194,L,P
MT853916,G,197,K,R
MT853916,G,200,Q,P
MT853916,G,204,Q,L
MT853916,G,209,L,P
MT853916,G,230,L,Q
MT853916,G,236,P,S
MT853916,G,240,P,L
MT853916,G,254,_,V
MT853916,G,257,Y,C
MT853916,G,268,S,T
MT853916,G,272,W,R
MT853916,G,278,L,P
MT853916,G,284,Q,_
MT853916,G,286,L,Y
MT853916,G,287,L,H
MT853916,G,290,L,I
MT853916,G,296,H,Y
MT853917,G,105,L,P
MT853917,G,110,V,A
MT853917,G,111,P,S
MT853917,G,112,L,P
MT853917,G,114,R,C
MT853917,G,115,L,P
MT853917,G,120,K,N
MT853917,G,121,S,P
MT853917,G,128,Q,_
MT853917,G,136,C,H
MT853917,G,143,P,S
MT853917,G,149,L,P
MT853917,G,151,H,Y
MT853917,G,152,N,Y
MT853917,G,153,P,L
MT853917,G,155,S,N
MT853917,G,163,T,I
MT853917,G,166,Q,K
MT853917,G,167,A,T
MT853917,G,170,I,T
MT853917,G,179,T,I
MT853917,G,194,L,P
MT853917,G,197,K,R
MT853917,G,204,Q,L
MT853917,G,209,L,P
MT853917,G,230,L,Q
MT853917,G,236,P,S
MT853917,G,240,P,L
MT853917,G,254,_,V
MT853917,G,257,Y,C
MT853917,G,268,S,T
MT853917,G,272,W,R
MT853917,G,278,L,P
MT853917,G,284,Q,_
MT853917,G,286,L,Y
MT853917,G,287,L,H
MT853917,G,290,L,I
MT853917,G,296,H,Y
MT853918,G,105,L,P
MT853918,G,110,V,A
MT853918,G,111,P,S
MT853918,G,112,L,P
MT853918,G,114,R,C
MT853918,G,115,L,P
MT853918,G,120,K,N
MT853918,G,121,S,P
MT853918,G,128,Q,_
MT853918,G,136,C,H
MT853918,G,143,P,S
MT853918,G,149,L,P
MT853918,G,151,H,Y
MT853918,G,152,N,Y
MT853918,G,153,P,L
MT853918,G,155,S,N
MT853918,G,163,T,I
MT853918,G,166,Q,K
MT853918,G,167,A,T
MT853918,G,170,I,T
MT853918,G,179,T,I
MT853918,G,194,L,P
MT853918,G,197,K,R
MT853918,G,200,Q,P
MT853918,G,204,Q,L
MT853918,G,209,L,P
MT853918,G,230,L,Q
MT853918,G,236,P,S
MT853918,G,240,P,L
MT853918,G,254,_,V
MT853918,G,257,Y,C
MT853918,G,268,S,T
MT853918,G,272,W,R
MT853918,G,278,L,P
MT853918,G,284,Q,_
MT853918,G,286,L,Y
MT853918,G,287,L,H
MT853918,G,290,L,I
MT853918,G,296,H,Y
MT853919,G,105,L,P
MT853919,G,110,V,A
MT853919,G,111,P,S
MT853919,G,112,L,P
MT853919,G,114,R,C
MT853919,G,115,L,P
MT853919,G,120,K,N
MT853919,G,121,S,P
MT853919,G,128,Q,_
MT853919,G,136,C,H
MT853919,G,143,P,S
MT853919,G,149,L,P
MT853919,G,151,H,Y
MT853919,G,152,N,Y
MT853919,G,153,P,L
MT853919,G,155,S,N
MT853919,G,163,T,I
MT853919,G,166,Q,K
MT853919,G,167,A,T
MT853919,G,170,I,T
MT853919,G,179,T,I
MT853919,G,194,L,P
MT853919,G,197,K,R
MT853919,G,204,Q,L
MT853919,G,209,L,P
MT853919,G,230,L,Q
MT853919,G,236,P,S
MT853919,G,240,P,L
MT853919,G,254,_,E
MT853919,G,257,Y,C
MT853919,G,268,S,T
MT853919,G,272,W,R
MT853919,G,278,L,P
MT853919,G,284,Q,_
MT853919,G,286,L,H
MT853919,G,287,L,H
MT853919,G,290,L,I
MT853919,G,296,H,Y
MT853920,G,105,L,P
MT853920,G,110,V,A
MT853920,G,111,P,S
MT853920,G,112,L,P
MT853920,G,114,R,C
MT853920,G,115,L,P
MT853920,G,120,K,N
MT853920,G,121,S,P
MT853920,G,128,Q,_
MT853920,G,136,C,H
MT853920,G,143,P,S
MT853920,G,149,L,P
MT853920,G,151,H,Y
MT853920,G,152,N,Y
MT853920,G,153,P,L
MT853920,G,155,S,N
MT853920,G,163,T,I
MT853920,G,166,Q,K
MT853920,G,167,A,T
MT853920,G,170,I,T
MT853920,G,179,T,I
MT853920,G,194,L,P
MT853920,G,197,K,R
MT853920,G,204,Q,L
MT853920,G,209,L,P
MT853920,G,230,L,Q
MT853920,G,236,P,S
MT853920,G,240,P,L
MT853920,G,254,_,V
MT853920,G,257,Y,C
MT853920,G,268,S,T
MT853920,G,270,V,I
MT853920,G,272,W,R
MT853920,G,278,L,P
MT853920,G,284,Q,_
MT853920,G,286,L,Y
MT853920,G,287,L,H
MT853920,G,290,L,I
MT853920,G,296,H,Y
MT853921,G,105,L,P
MT853921,G,110,V,A
MT853921,G,111,P,S
MT853921,G,112,L,P
MT853921,G,114,R,C
MT853921,G,115,L,P
MT853921,G,116,K,E
MT853921,G,120,K,N
MT853921,G,121,S,P
MT853921,G,128,Q,_
MT853921,G,136,C,H
MT853921,G,143,P,S
MT853921,G,149,L,P
MT853921,G,151,H,Y
MT853921,G,152,N,Y
MT853921,G,153,P,L
MT853921,G,155,S,N
MT853921,G,163,T,I
MT853921,G,166,Q,K
MT853921,G,167,A,T
MT853921,G,170,I,T
MT853921,G,179,T,I
MT853921,G,194,L,P
MT853921,G,197,K,R
MT853921,G,204,Q,L
MT853921,G,207,K,R
MT853921,G,209,L,P
MT853921,G,230,L,Q
MT853921,G,236,P,S
MT853921,G,240,P,L
MT853921,G,254,_,E
MT853921,G,257,Y,C
MT853921,G,260,P,T
MT853921,G,268,S,T
MT853921,G,272,W,G
MT853921,G,278,L,P
MT853921,G,284,Q,_
MT853921,G,286,L,H
MT853921,G,287,L,H
MT853921,G,290,L,I
MT853921,G,296,H,Y
MT853922,G,105,L,P
MT853922,G,110,V,A
MT853922,G,111,P,S
MT853922,G,112,L,P
MT853922,G,114,R,C
MT853922,G,115,L,P
MT853922,G,120,K,N
MT853922,G,121,S,P
MT853922,G,128,Q,_
MT853922,G,135,P,L
MT853922,G,136,C,H
MT853922,G,143,P,S
MT853922,G,149,L,P
MT853922,G,151,H,Y
MT853922,G,152,N,Y
MT853922,G,153,P,L
MT853922,G,155,S,N
MT853922,G,163,T,I
MT853922,G,166,Q,K
MT853922,G,167,A,T
MT853922,G,170,I,T
MT853922,G,179,T,I
MT853922,G,194,L,P
MT853922,G,197,K,R
MT853922,G,204,Q,L
MT853922,G,209,L,P
MT853922,G,230,L,Q
MT853922,G,236,P,S
MT853922,G,240,P,L
MT853922,G,254,_,V
MT853922,G,257,Y,C
MT853922,G,268,S,T
MT853922,G,272,W,R
MT853922,G,278,L,P
MT853922,G,284,Q,_
MT853922,G,286,L,Y
MT853922,G,287,L,H
MT853922,G,290,L,I
MT853922,G,296,H,Y
MT853923,G,105,L,P
MT853923,G,110,V,A
MT853923,G,111,P,S
MT853923,G,112,L,P
MT853923,G,114,R,C
MT853923,G,115,L,P
MT853923,G,120,K,N
MT853923,G,121,S,P
MT853923,G,128,Q,_
MT853923,G,136,C,H
MT853923,G,143,P,S
MT853923,G,149,L,P
MT853923,G,151,H,Y
MT853923,G,152,N,Y
MT853923,G,153,P,L
MT853923,G,155,S,N
MT853923,G,163,T,I
MT853923,G,166,Q,K
MT853923,G,167,A,T
MT853923,G,170,I,T
MT853923,G,179,T,I
MT853923,G,194,L,P
MT853923,G,197,K,R
MT853923,G,204,Q,L
MT853923,G,209,L,P
MT853923,G,230,L,Q
MT853923,G,236,P,S
MT853923,G,254,_,E
MT853923,G,257,Y,C
MT853923,G,268,S,T
MT853923,G,272,W,R
MT853923,G,278,L,P
MT853923,G,281,K,M
MT853923,G,286,L,H
MT853923,G,287,L,H
MT853923,G,290,L,I
MT853923,G,296,H,Y
MT853924,G,105,L,P
MT853924,G,110,V,A
MT853924,G,111,P,S
MT853924,G,112,L,P
MT853924,G,114,R,C
MT853924,G,115,L,P
MT853924,G,120,K,N
MT853924,G,121,S,P
MT853924,G,128,Q,_
MT853924,G,136,C,H
MT853924,G,143,P,S
MT853924,G,149,L,P
MT853924,G,151,H,Y
MT853924,G,152,N,Y
MT853924,G,153,P,L
MT853924,G,155,S,N
MT853924,G,163,T,I
MT853924,G,166,Q,K
MT853924,G,167,A,T
MT853924,G,170,I,T
MT853924,G,179,T,I
MT853924,G,194,L,P
MT853924,G,197,K,R
MT853924,G,204,Q,L
MT853924,G,209,L,P
MT853924,G,230,L,Q
MT853924,G,236,P,S
MT853924,G,240,P,L
MT853924,G,254,_,V
MT853924,G,257,Y,C
MT853924,G,268,S,T
MT853924,G,272,W,R
MT853924,G,278,L,P
MT853924,G,284,Q,_
MT853924,G,286,L,Y
MT853924,G,287,L,H
MT853924,G,290,L,I
MT853924,G,296,H,Y
MT853925,G,110,V,A
MT853925,G,111,P,S
MT853925,G,112,L,P
MT853925,G,114,R,C
MT853925,G,115,L,P
MT853925,G,116,K,E
MT853925,G,120,K,N
MT853925,G,121,S,P
MT853925,G,131,E,V
MT853925,G,132,S,L
MT853925,G,136,C,H
MT853925,G,140,Q,_
MT853925,G,143,P,S
MT853925,G,149,L,P
MT853925,G,151,H,Y
MT853925,G,152,N,Y
MT853925,G,153,P,L
MT853925,G,155,S,N
MT853925,G,163,T,I
MT853925,G,166,Q,K
MT853925,G,167,A,T
MT853925,G,170,I,T
MT853925,G,179,T,I
MT853925,G,194,L,P
MT853925,G,197,K,R
MT853925,G,204,Q,L
MT853925,G,209,L,P
MT853925,G,230,L,Q
MT853925,G,236,P,S
MT853925,G,246,S,L
MT853925,G,254,_,E
MT853925,G,257,Y,C
MT853925,G,263,Q,_
MT853925,G,268,S,T
MT853925,G,272,W,R
MT853925,G,278,L,P
MT853925,G,284,Q,_
MT853925,G,286,L,H
MT853925,G,287,L,H
MT853925,G,290,L,I
MT853925,G,296,H,Y
MT853926,G,105,L,P
MT853926,G,110,V,A
MT853926,G,111,P,S
MT853926,G,112,L,P
MT853926,G,114,R,C
MT853926,G,115,L,P
MT853926,G,120,K,N
MT853926,G,121,S,P
MT853926,G,128,Q,_
MT853926,G,136,C,H
MT853926,G,143,P,S
MT853926,G,149,L,P
MT853926,G,151,H,Y
MT853926,G,152,N,Y
MT853926,G,153,P,L
MT853926,G,155,S,N
MT853926,G,163,T,I
MT853926,G,166,Q,K
MT853926,G,167,A,T
MT853926,G,170,I,T
MT853926,G,179,T,I
MT853926,G,194,L,P
MT853926,G,197,K,R
MT853926,G,204,Q,L
MT853926,G,209,L,P
MT853926,G,230,L,Q
MT853926,G,236,P,S
MT853926,G,240,P,L
MT853926,G,254,_,V
MT853926,G,257,Y,C
MT853926,G,268,S,T
MT853926,G,272,W,R
MT853926,G,278,L,P
MT853926,G,284,Q,_
MT853926,G,286,L,Y
MT853926,G,287,L,H
MT853926,G,290,L,I
MT853926,G,296,H,Y
MT853927,G,105,L,P
MT853927,G,110,V,A
MT853927,G,111,P,S
MT853927,G,112,L,P
MT853927,G,114,R,C
MT853927,G,115,L,P
MT853927,G,120,K,N
MT853927,G,121,S,P
MT853927,G,128,Q,_
MT853927,G,136,C,H
MT853927,G,143,P,S
MT853927,G,149,L,P
MT853927,G,151,H,Y
MT853927,G,152,N,Y
MT853927,G,153,P,L
MT853927,G,155,S,N
MT853927,G,163,T,I
MT853927,G,166,Q,K
MT853927,G,167,A,T
MT853927,G,170,I,T
MT853927,G,179,T,I
MT853927,G,194,L,P
MT853927,G,197,K,R
MT853927,G,204,Q,L
MT853927,G,209,L,P
MT853927,G,230,L,Q
MT853927,G,236,P,S
MT853927,G,240,P,L
MT853927,G,254,_,V
MT853927,G,257,Y,S
MT853927,G,268,S,T
MT853927,G,272,W,R
MT853927,G,278,L,P
MT853927,G,284,Q,_
MT853927,G,286,L,Y
MT853927,G,287,L,H
MT853927,G,290,L,I
MT853927,G,296,H,Y
MT853928,G,105,L,P
MT853928,G,110,V,A
MT853928,G,111,P,S
MT853928,G,112,L,P
MT853928,G,114,R,C
MT853928,G,115,L,P
MT853928,G,120,K,N
MT853928,G,121,S,P
MT853928,G,128,Q,_
MT853928,G,136,C,H
MT853928,G,139,Q,R
MT853928,G,143,P,S
MT853928,G,149,L,P
MT853928,G,151,H,Y
MT853928,G,152,N,Y
MT853928,G,153,P,L
MT853928,G,155,S,N
MT853928,G,163,T,I
MT853928,G,166,Q,K
MT853928,G,167,A,T
MT853928,G,170,I,T
MT853928,G,179,T,I
MT853928,G,194,L,P
MT853928,G,197,K,R
MT853928,G,204,Q,L
MT853928,G,209,L,P
MT853928,G,230,L,Q
MT853928,G,236,P,S
MT853928,G,240,P,L
MT853928,G,254,_,V
MT853928,G,257,Y,C
MT853928,G,268,S,T
MT853928,G,272,W,R
MT853928,G,278,L,P
MT853928,G,284,Q,_
MT853928,G,286,L,Y
MT853928,G,287,L,H
MT853928,G,290,L,I
MT853928,G,296,H,Y
MT853929,G,105,L,P
MT853929,G,110,V,A
MT853929,G,111,P,S
MT853929,G,112,L,P
MT853929,G,114,R,C
MT853929,G,115,L,P
MT853929,G,120,K,N
MT853929,G,121,S,P
MT853929,G,128,Q,_
MT853929,G,136,C,H
MT853929,G,143,P,S
MT853929,G,149,L,P
MT853929,G,151,H,Y
MT853929,G,152,N,Y
MT853929,G,153,P,L
MT853929,G,155,S,N
MT853929,G,163,T,I
MT853929,G,166,Q,K
MT853929,G,167,A,T
MT853929,G,170,I,T
MT853929,G,179,T,I
MT853929,G,181,Y,C
MT853929,G,194,L,P
MT853929,G,197,K,R
MT853929,G,204,Q,L
MT853929,G,209,L,P
MT853929,G,230,L,Q
MT853929,G,236,P,S
MT853929,G,240,P,L
MT853929,G,254,_,V
MT853929,G,257,Y,C
MT853929,G,268,S,T
MT853929,G,272,W,R
MT853929,G,278,L,P
MT853929,G,286,L,Y
MT853929,G,287,L,H
MT853929,G,290,L,T
MT853929,G,296,H,Y
MT853930,G,105,L,P
MT853930,G,110,V,A
MT853930,G,111,P,S
MT853930,G,112,L,P
MT853930,G,114,R,C
MT853930,G,115,L,P
MT853930,G,120,K,N
MT853930,G,121,S,P
MT853930,G,128,Q,_
MT853930,G,136,C,H
MT853930,G,143,P,S
MT853930,G,149,L,P
MT853930,G,151,H,Y
MT853930,G,152,N,Y
MT853930,G,153,P,L
MT853930,G,155,S,N
MT853930,G,161,A,T
MT853930,G,163,T,I
MT853930,G,166,Q,K
MT853930,G,167,A,T
MT853930,G,170,I,T
MT853930,G,179,T,I
MT853930,G,194,L,P
MT853930,G,197,K,R
MT853930,G,204,Q,L
MT853930,G,209,L,P
MT853930,G,230,L,Q
MT853930,G,236,P,S
MT853930,G,240,P,L
MT853930,G,254,_,V
MT853930,G,257,Y,C
MT853930,G,268,S,T
MT853930,G,272,W,R
MT853930,G,278,L,P
MT853930,G,282,A,T
MT853930,G,284,Q,_
MT853930,G,286,L,Y
MT853930,G,287,L,H
MT853930,G,290,L,I
MT853930,G,296,H,Y
MT853931,G,105,L,P
MT853931,G,110,V,A
MT853931,G,111,P,S
MT853931,G,112,L,P
MT853931,G,114,R,C
MT853931,G,115,L,P
MT853931,G,120,K,N
MT853931,G,121,S,P
MT853931,G,128,Q,_
MT853931,G,136,C,H
MT853931,G,143,P,S
MT853931,G,149,L,P
MT853931,G,151,H,Y
MT853931,G,152,N,Y
MT853931,G,153,P,L
MT853931,G,155,S,N
MT853931,G,163,T,I
MT853931,G,166,Q,K
MT853931,G,167,A,T
MT853931,G,170,I,T
MT853931,G,179,T,I
MT853931,G,194,L,P
MT853931,G,197,K,R
MT853931,G,203,N,K
MT853931,G,204,Q,L
MT853931,G,209,L,P
MT853931,G,230,L,Q
MT853931,G,236,P,S
MT853931,G,240,P,L
MT853931,G,254,_,V
MT853931,G,257,Y,C
MT853931,G,268,S,T
MT853931,G,272,W,R
MT853931,G,278,L,P
MT853931,G,284,Q,_
MT853931,G,286,L,Y
MT853931,G,287,L,H
MT853931,G,290,L,I
MT853931,G,296,H,Y
MT853932,G,105,L,P
MT853932,G,110,V,A
MT853932,G,111,P,S
MT853932,G,112,L,P
MT853932,G,114,R,C
MT853932,G,115,L,P
MT853932,G,120,K,N
MT853932,G,121,S,P
MT853932,G,128,Q,_
MT853932,G,136,C,H
MT853932,G,143,P,S
MT853932,G,149,L,P
MT853932,G,151,H,Y
MT853932,G,152,N,Y
MT853932,G,153,P,L
MT853932,G,155,S,N
MT853932,G,163,T,I
MT853932,G,166,Q,K
MT853932,G,167,A,T
MT853932,G,170,I,T
MT853932,G,179,T,I
MT853932,G,194,L,P
MT853932,G,197,K,R
MT853932,G,204,Q,L
MT853932,G,209,L,P
MT853932,G,230,L,Q
MT853932,G,236,P,S
MT853932,G,240,P,L
MT853932,G,254,_,V
MT853932,G,257,Y,C
MT853932,G,268,S,T
MT853932,G,272,W,R
MT853932,G,278,L,P
MT853932,G,284,Q,_
MT853932,G,286,L,Y
MT853932,G,287,L,H
MT853932,G,290,L,I
MT853932,G,296,H,Y
MT853933,G,105,L,P
MT853933,G,110,V,A
MT853933,G,111,P,S
MT853933,G,112,L,P
MT853933,G,114,R,C
MT853933,G,115,L,P
MT853933,G,120,K,N
MT853933,G,121,S,P
MT853933,G,128,Q,_
MT853933,G,136,C,H
MT853933,G,143,P,S
MT853933,G,149,L,P
MT853933,G,151,H,Y
MT853933,G,152,N,Y
MT853933,G,153,P,L
MT853933,G,155,S,N
MT853933,G,163,T,I
MT853933,G,166,Q,K
MT853933,G,167,A,T
MT853933,G,170,I,T
MT853933,G,179,T,I
MT853933,G,194,L,P
MT853933,G,197,K,R
MT853933,G,204,Q,L
MT853933,G,209,L,P
MT853933,G,230,L,Q
MT853933,G,236,P,S
MT853933,G,240,P,L
MT853933,G,254,_,E
MT853933,G,257,Y,C
MT853933,G,268,S,T
MT853933,G,272,W,R
MT853933,G,278,L,P
MT853933,G,286,L,H
MT853933,G,287,L,H
MT853933,G,290,L,I
MT853933,G,296,H,Y
MT853934,G,105,L,P
MT853934,G,110,V,A
MT853934,G,111,P,S
MT853934,G,112,L,P
MT853934,G,114,R,C
MT853934,G,115,L,P
MT853934,G,120,K,N
MT853934,G,121,S,P
MT853934,G,128,Q,_
MT853934,G,136,C,H
MT853934,G,143,P,S
MT853934,G,149,L,P
MT853934,G,151,H,Y
MT853934,G,152,N,Y
MT853934,G,153,P,L
MT853934,G,155,S,N
MT853934,G,163,T,I
MT853934,G,166,Q,K
MT853934,G,167,A,T
MT853934,G,170,I,T
MT853934,G,179,T,I
MT853934,G,194,L,P
MT853934,G,197,K,R
MT853934,G,204,Q,L
MT853934,G,209,L,P
MT853934,G,230,L,Q
MT853934,G,236,P,S
MT853934,G,240,P,L
MT853934,G,254,_,V
MT853934,G,257,Y,C
MT853934,G,268,S,T
MT853934,G,272,W,R
MT853934,G,278,L,P
MT853934,G,284,Q,_
MT853934,G,286,L,Y
MT853934,G,287,L,H
MT853934,G,290,L,I
MT853934,G,296,H,Y
MT853935,G,105,L,P
MT853935,G,110,V,A
MT853935,G,111,P,S
MT853935,G,112,L,P
MT853935,G,114,R,C
MT853935,G,115,L,P
MT853935,G,120,K,N
MT853935,G,121,S,P
MT853935,G,128,Q,_
MT853935,G,136,C,H
MT853935,G,143,P,S
MT853935,G,149,L,P
MT853935,G,151,H,Y
MT853935,G,152,N,Y
MT853935,G,153,P,L
MT853935,G,155,S,N
MT853935,G,163,T,I
MT853935,G,166,Q,K
MT853935,G,167,A,T
MT853935,G,170,I,T
MT853935,G,179,T,I
MT853935,G,194,L,P
MT853935,G,197,K,R
MT853935,G,204,Q,L
MT853935,G,209,L,P
MT853935,G,230,L,Q
MT853935,G,236,P,S
MT853935,G,240,P,L
MT853935,G,254,_,V
MT853935,G,257,Y,C
MT853935,G,268,S,T
MT853935,G,272,W,R
MT853935,G,278,L,P
MT853935,G,284,Q,_
MT853935,G,286,L,Y
MT853935,G,287,L,H
MT853935,G,290,L,I
MT853935,G,296,H,Y
MT853936,G,105,L,P
MT853936,G,110,V,A
MT853936,G,111,P,S
MT853936,G,112,L,P
MT853936,G,114,R,C
MT853936,G,115,L,P
MT853936,G,120,K,N
MT853936,G,121,S,P
MT853936,G,128,Q,_
MT853936,G,136,C,H
MT853936,G,143,P,S
MT853936,G,149,L,P
MT853936,G,151,H,Y
MT853936,G,152,N,Y
MT853936,G,153,P,L
MT853936,G,155,S,N
MT853936,G,163,T,I
MT853936,G,166,Q,K
MT853936,G,167,A,T
MT853936,G,170,I,T
MT853936,G,179,T,I
MT853936,G,194,L,P
MT853936,G,197,K,R
MT853936,G,204,Q,L
MT853936,G,209,L,P
MT853936,G,230,L,Q
MT853936,G,236,P,S
MT853936,G,254,_,A
MT853936,G,257,Y,C
MT853936,G,268,S,T
MT853936,G,272,W,R
MT853936,G,278,L,P
MT853936,G,286,L,H
MT853936,G,287,L,H
MT853936,G,290,L,I
MT853937,G,105,L,P
MT853937,G,110,V,A
MT853937,G,111,P,S
MT853937,G,112,L,P
MT853937,G,114,R,C
MT853937,G,116,K,E
MT853937,G,131,E,V
MT853937,G,132,S,L
MT853937,G,136,C,H
MT853937,G,140,Q,_
MT853937,G,143,P,S
MT853937,G,149,L,P
MT853937,G,151,H,Y
MT853937,G,152,N,Y
MT853937,G,153,P,L
MT853937,G,155,S,N
MT853937,G,163,T,I
MT853937,G,166,Q,K
MT853937,G,167,A,T
MT853937,G,170,I,T
MT853937,G,179,T,I
MT853937,G,194,L,P
MT853937,G,197,K,R
MT853937,G,204,Q,L
MT853937,G,209,L,P
MT853937,G,230,L,Q
MT853937,G,236,P,S
MT853937,G,240,P,L
MT853937,G,245,P,L
MT853937,G,254,_,E
MT853937,G,257,Y,C
MT853937,G,263,Q,_
MT853937,G,266,Q,_
MT853937,G,268,S,T
MT853937,G,272,W,R
MT853937,G,278,L,P
MT853937,G,286,L,H
MT853937,G,287,L,H
MT853937,G,290,L,I
MT853937,G,296,H,Y
MT853938,G,105,L,P
MT853938,G,110,V,A
MT853938,G,111,P,S
MT853938,G,112,L,P
MT853938,G,114,R,C
MT853938,G,115,L,P
MT853938,G,120,K,N
MT853938,G,121,S,P
MT853938,G,128,Q,_
MT853938,G,136,C,H
MT853938,G,143,P,S
MT853938,G,149,L,P
MT853938,G,151,H,Y
MT853938,G,152,N,Y
MT853938,G,153,P,L
MT853938,G,155,S,N
MT853938,G,163,T,I
MT853938,G,166,Q,K
MT853938,G,167,A,T
MT853938,G,170,I,T
MT853938,G,179,T,I
MT853938,G,194,L,P
MT853938,G,197,K,R
MT853938,G,204,Q,L
MT853938,G,209,L,P
MT853938,G,230,L,Q
MT853938,G,236,P,S
MT853938,G,240,P,L
MT853938,G,254,_,V
MT853938,G,257,Y,C
MT853938,G,268,S,T
MT853938,G,272,W,R
MT853938,G,278,L,P
MT853938,G,284,Q,_
MT853938,G,286,L,Y
MT853938,G,287,L,H
MT853938,G,290,L,I
MT853938,G,296,H,Y
MT853939,G,105,L,P
MT853939,G,110,V,A
MT853939,G,111,P,S
MT853939,G,112,L,P
MT853939,G,114,R,C
MT853939,G,115,L,P
MT853939,G,120,K,N
MT853939,G,121,S,P
MT853939,G,128,Q,_
MT853939,G,136,C,H
MT853939,G,143,P,S
MT853939,G,149,L,P
MT853939,G,151,H,Y
MT853939,G,152,N,Y
MT853939,G,153,P,L
MT853939,G,155,S,N
MT853939,G,163,T,I
MT853939,G,166,Q,K
MT853939,G,167,A,T
MT853939,G,170,I,T
MT853939,G,179,T,I
MT853939,G,194,L,P
MT853939,G,197,K,R
MT853939,G,204,Q,L
MT853939,G,209,L,P
MT853939,G,230,L,Q
MT853939,G,236,P,S
MT853939,G,240,P,L
MT853939,G,254,_,V
MT853939,G,257,Y,C
MT853939,G,268,S,T
MT853939,G,272,W,R
MT853939,G,278,L,P
MT853939,G,284,Q,_
MT853939,G,286,L,Y
MT853939,G,287,L,H
MT853939,G,290,L,I
MT853939,G,296,H,Y
MT853940,G,105,L,P
MT853940,G,110,V,A
MT853940,G,111,P,S
MT853940,G,112,L,P
MT853940,G,114,R,C
MT853940,G,115,L,P
MT853940,G,120,K,N
MT853940,G,121,S,P
MT853940,G,128,Q,_
MT853940,G,136,C,H
MT853940,G,143,P,S
MT853940,G,149,L,P
MT853940,G,151,H,Y
MT853940,G,152,N,Y
MT853940,G,153,P,L
MT853940,G,155,S,N
MT853940,G,163,T,I
MT853940,G,166,Q,K
MT853940,G,167,A,T
MT853940,G,170,I,T
MT853940,G,179,T,I
MT853940,G,194,L,P
MT853940,G,197,K,R
MT853940,G,204,Q,L
MT853940,G,209,L,P
MT853940,G,230,L,Q
MT853940,G,236,P,S
MT853940,G,240,P,L
MT853940,G,254,_,V
MT853940,G,257,Y,C
MT853940,G,268,S,T
MT853940,G,272,W,R
MT853940,G,278,L,P
MT853940,G,284,Q,_
MT853940,G,286,L,Y
MT853940,G,287,L,H
MT853940,G,290,L,I
MT853940,G,296,H,Y
MT853941,G,105,L,P
MT853941,G,110,V,A
MT853941,G,111,P,S
MT853941,G,112,L,P
MT853941,G,114,R,C
MT853941,G,115,L,P
MT853941,G,120,K,N
MT853941,G,121,S,P
MT853941,G,128,Q,_
MT853941,G,136,C,H
MT853941,G,143,P,S
MT853941,G,149,L,P
MT853941,G,151,H,Y
MT853941,G,152,N,Y
MT853941,G,153,P,L
MT853941,G,155,S,N
MT853941,G,156,P,L
MT853941,G,163,T,I
MT853941,G,166,Q,K
MT853941,G,167,A,T
MT853941,G,170,I,T
MT853941,G,194,L,P
MT853941,G,197,K,R
MT853941,G,204,Q,L
MT853941,G,209,L,P
MT853941,G,228,K,R
MT853941,G,230,L,Q
MT853941,G,236,P,S
MT853941,G,240,P,L
MT853941,G,254,_,E
MT853941,G,257,Y,C
MT853941,G,268,S,T
MT853941,G,272,W,R
MT853941,G,278,L,P
MT853941,G,282,A,T
MT853941,G,284,Q,_
MT853941,G,286,L,H
MT853941,G,287,L,H
MT853941,G,290,L,I
MT853941,G,296,H,Y
MT853941,G,299,L,H
MT853942,G,105,L,P
MT853942,G,110,V,A
MT853942,G,111,P,S
MT853942,G,112,L,P
MT853942,G,114,R,C
MT853942,G,115,L,P
MT853942,G,120,K,N
MT853942,G,121,S,P
MT853942,G,128,Q,_
MT853942,G,136,C,H
MT853942,G,143,P,S
MT853942,G,149,L,P
MT853942,G,151,H,Y
MT853942,G,152,N,Y
MT853942,G,153,P,L
MT853942,G,155,S,N
MT853942,G,163,T,I
MT853942,G,166,Q,K
MT853942,G,167,A,T
MT853942,G,170,I,T
MT853942,G,179,T,I
MT853942,G,194,L,P
MT853942,G,197,K,R
MT853942,G,204,Q,L
MT853942,G,209,L,P
MT853942,G,230,L,Q
MT853942,G,236,P,S
MT853942,G,254,_,A
MT853942,G,257,Y,C
MT853942,G,268,S,T
MT853942,G,272,W,R
MT853942,G,278,L,P
MT853942,G,286,L,H
MT853942,G,287,L,H
MT853942,G,290,L,I
MT853943,G,105,L,P
MT853943,G,110,V,A
MT853943,G,111,P,S
MT853943,G,112,L,P
MT853943,G,114,R,C
MT853943,G,115,L,P
MT853943,G,120,K,N
MT853943,G,121,S,P
MT853943,G,128,Q,_
MT853943,G,136,C,H
MT853943,G,143,P,S
MT853943,G,149,L,P
MT853943,G,151,H,Y
MT853943,G,152,N,Y
MT853943,G,153,P,L
MT853943,G,155,S,N
MT853943,G,163,T,I
MT853943,G,166,Q,K
MT853943,G,167,A,T
MT853943,G,170,I,T
MT853943,G,179,T,I
MT853943,G,194,L,P
MT853943,G,197,K,R
MT853943,G,204,Q,L
MT853943,G,209,L,P
MT853943,G,230,L,Q
MT853943,G,236,P,S
MT853943,G,240,P,L
MT853943,G,254,_,V
MT853943,G,257,Y,C
MT853943,G,268,S,T
MT853943,G,272,W,R
MT853943,G,278,L,P
MT853943,G,284,Q,_
MT853943,G,286,L,Y
MT853943,G,287,L,H
MT853943,G,290,L,I
MT853943,G,296,H,Y
MT853944,G,105,L,P
MT853944,G,110,V,A
MT853944,G,111,P,S
MT853944,G,112,L,P
MT853944,G,114,R,C
MT853944,G,115,L,P
MT853944,G,117,L,P
MT853944,G,120,K,N
MT853944,G,121,S,P
MT853944,G,128,Q,_
MT853944,G,136,C,H
MT853944,G,143,P,S
MT853944,G,149,L,P
MT853944,G,151,H,Y
MT853944,G,152,N,Y
MT853944,G,153,P,L
MT853944,G,155,S,N
MT853944,G,163,T,I
MT853944,G,166,Q,K
MT853944,G,167,A,T
MT853944,G,170,I,T
MT853944,G,179,T,I
MT853944,G,194,L,P
MT853944,G,197,K,R
MT853944,G,204,Q,L
MT853944,G,209,L,P
MT853944,G,230,L,Q
MT853944,G,236,P,S
MT853944,G,240,P,L
MT853944,G,254,_,E
MT853944,G,257,Y,C
MT853944,G,268,S,T
MT853944,G,272,W,R
MT853944,G,278,L,P
MT853944,G,284,Q,_
MT853944,G,286,L,H
MT853944,G,287,L,H
MT853944,G,290,L,I
MT853944,G,296,H,Y
MT853945,G,105,L,P
MT853945,G,110,V,A
MT853945,G,111,P,S
MT853945,G,112,L,P
MT853945,G,114,R,C
MT853945,G,115,L,P
MT853945,G,120,K,N
MT853945,G,121,S,P
MT853945,G,128,Q,_
MT853945,G,136,C,H
MT853945,G,143,P,S
MT853945,G,149,L,P
MT853945,G,151,H,Y
MT853945,G,152,N,Y
MT853945,G,153,P,L
MT853945,G,155,S,N
MT853945,G,163,T,I
MT853945,G,166,Q,K
MT853945,G,167,A,T
MT853945,G,170,I,T
MT853945,G,194,L,P
MT853945,G,197,K,R
MT853945,G,204,Q,L
MT853945,G,209,L,P
MT853945,G,228,K,R
MT853945,G,230,L,Q
MT853945,G,236,P,S
MT853945,G,240,P,L
MT853945,G,254,_,K
MT853945,G,257,Y,C
MT853945,G,268,S,T
MT853945,G,272,W,R
MT853945,G,278,L,P
MT853945,G,284,Q,_
MT853945,G,286,L,H
MT853945,G,287,L,H
MT853945,G,290,L,I
MT853945,G,296,H,Y
MT853945,G,298,N,S
MT853945,G,299,L,H
MT853946,G,105,L,P
MT853946,G,110,V,A
MT853946,G,111,P,S
MT853946,G,112,L,P
MT853946,G,114,R,C
MT853946,G,115,L,P
MT853946,G,117,L,P
MT853946,G,120,K,N
MT853946,G,121,S,P
MT853946,G,128,Q,_
MT853946,G,136,C,H
MT853946,G,143,P,S
MT853946,G,149,L,P
MT853946,G,151,H,Y
MT853946,G,152,N,Y
MT853946,G,153,P,L
MT853946,G,155,S,N
MT853946,G,163,T,I
MT853946,G,166,Q,K
MT853946,G,167,A,T
MT853946,G,170,I,T
MT853946,G,179,T,I
MT853946,G,194,L,P
MT853946,G,197,K,R
MT853946,G,204,Q,L
MT853946,G,209,L,P
MT853946,G,230,L,Q
MT853946,G,236,P,S
MT853946,G,240,P,L
MT853946,G,254,_,E
MT853946,G,257,Y,C
MT853946,G,268,S,T
MT853946,G,272,W,R
MT853946,G,278,L,P
MT853946,G,284,Q,_
MT853946,G,286,L,H
MT853946,G,287,L,H
MT853946,G,290,L,I
MT853946,G,296,H,Y
MT853947,G,105,L,P
MT853947,G,110,V,A
MT853947,G,111,P,S
MT853947,G,112,L,P
MT853947,G,114,R,C
MT853947,G,115,L,P
MT853947,G,117,L,P
MT853947,G,120,K,N
MT853947,G,121,S,P
MT853947,G,128,Q,_
MT853947,G,136,C,H
MT853947,G,143,P,S
MT853947,G,149,L,P
MT853947,G,151,H,Y
MT853947,G,152,N,Y
MT853947,G,153,P,L
MT853947,G,155,S,N
MT853947,G,163,T,I
MT853947,G,166,Q,K
MT853947,G,167,A,T
MT853947,G,170,I,T
MT853947,G,179,T,I
MT853947,G,194,L,P
MT853947,G,197,K,R
MT853947,G,204,Q,L
MT853947,G,209,L,P
MT853947,G,230,L,Q
MT853947,G,236,P,S
MT853947,G,240,P,L
MT853947,G,254,_,E
MT853947,G,257,Y,C
MT853947,G,268,S,T
MT853947,G,272,W,R
MT853947,G,278,L,P
MT853947,G,284,Q,_
MT853947,G,286,L,H
MT853947,G,287,L,H
MT853947,G,290,L,I
MT853947,G,296,H,Y
MT853948,G,105,L,P
MT853948,G,110,V,A
MT853948,G,111,P,S
MT853948,G,112,L,P
MT853948,G,114,R,C
MT853948,G,115,L,P
MT853948,G,120,K,N
MT853948,G,121,S,P
MT853948,G,128,Q,_
MT853948,G,136,C,H
MT853948,G,143,P,S
MT853948,G,149,L,P
MT853948,G,151,H,Y
MT853948,G,152,N,Y
MT853948,G,153,P,L
MT853948,G,155,S,N
MT853948,G,157,P,T
MT853948,G,163,T,I
MT853948,G,166,Q,K
MT853948,G,167,A,T
MT853948,G,170,I,T
MT853948,G,179,T,I
MT853948,G,194,L,P
MT853948,G,197,K,R
MT853948,G,204,Q,L
MT853948,G,209,L,P
MT853948,G,230,L,Q
MT853948,G,236,P,S
MT853948,G,254,_,A
MT853948,G,257,Y,C
MT853948,G,268,S,T
MT853948,G,272,W,R
MT853948,G,278,L,P
MT853948,G,286,L,H
MT853948,G,287,L,H
MT853948,G,290,L,I
MT853949,G,105,L,P
MT853949,G,110,V,A
MT853949,G,111,P,S
MT853949,G,112,L,P
MT853949,G,114,R,C
MT853949,G,115,L,P
MT853949,G,120,K,N
MT853949,G,121,S,P
MT853949,G,128,Q,_
MT853949,G,136,C,H
MT853949,G,143,P,S
MT853949,G,149,L,P
MT853949,G,151,H,Y
MT853949,G,152,N,Y
MT853949,G,153,P,L
MT853949,G,155,S,N
MT853949,G,163,T,I
MT853949,G,166,Q,K
MT853949,G,167,A,T
MT853949,G,170,I,T
MT853949,G,179,T,I
MT853949,G,194,L,P
MT853949,G,197,K,R
MT853949,G,204,Q,L
MT853949,G,209,L,P
MT853949,G,230,L,Q
MT853949,G,236,P,S
MT853949,G,240,P,L
MT853949,G,254,_,E
MT853949,G,257,Y,C
MT853949,G,268,S,T
MT853949,G,272,W,R
MT853949,G,278,L,P
MT853949,G,284,Q,_
MT853949,G,286,L,H
MT853949,G,287,L,H
MT853949,G,290,L,I
MT853949,G,296,H,Y
MT853950,G,105,L,P
MT853950,G,110,V,A
MT853950,G,111,P,S
MT853950,G,112,L,P
MT853950,G,114,R,C
MT853950,G,115,L,P
MT853950,G,117,L,P
MT853950,G,120,K,N
MT853950,G,121,S,P
MT853950,G,128,Q,_
MT853950,G,136,C,H
MT853950,G,143,P,S
MT853950,G,149,L,P
MT853950,G,151,H,Y
MT853950,G,152,N,Y
MT853950,G,153,P,L
MT853950,G,155,S,N
MT853950,G,163,T,I
MT853950,G,166,Q,K
MT853950,G,167,A,T
MT853950,G,170,I,T
MT853950,G,179,T,I
MT853950,G,194,L,P
MT853950,G,197,K,R
MT853950,G,204,Q,L
MT853950,G,209,L,P
MT853950,G,230,L,Q
MT853950,G,236,P,S
MT853950,G,240,P,L
MT853950,G,254,_,E
MT853950,G,257,Y,C
MT853950,G,268,S,T
MT853950,G,272,W,R
MT853950,G,278,L,P
MT853950,G,284,Q,_
MT853950,G,286,L,H
MT853950,G,287,L,H
MT853950,G,290,L,I
MT853950,G,296,H,Y
MT853951,G,105,L,P
MT853951,G,110,V,A
MT853951,G,111,P,S
MT853951,G,112,L,P
MT853951,G,114,R,C
MT853951,G,115,L,P
MT853951,G,120,K,N
MT853951,G,121,S,P
MT853951,G,128,Q,_
MT853951,G,136,C,H
MT853951,G,143,P,S
MT853951,G,149,L,P
MT853951,G,151,H,Y
MT853951,G,152,N,Y
MT853951,G,155,S,N
MT853951,G,163,T,I
MT853951,G,166,Q,K
MT853951,G,167,A,T
MT853951,G,170,I,T
MT853951,G,194,L,P
MT853951,G,197,K,R
MT853951,G,204,Q,L
MT853951,G,209,L,P
MT853951,G,228,K,R
MT853951,G,230,L,Q
MT853951,G,236,P,S
MT853951,G,240,P,L
MT853951,G,254,_,E
MT853951,G,257,Y,C
MT853951,G,268,S,T
MT853951,G,272,W,R
MT853951,G,278,L,P
MT853951,G,284,Q,_
MT853951,G,286,L,H
MT853951,G,287,L,H
MT853951,G,290,L,I
MT853951,G,296,H,Y
MT853951,G,299,L,H
MT853952,G,105,L,P
MT853952,G,110,V,A
MT853952,G,111,P,S
MT853952,G,112,L,P
MT853952,G,114,R,C
MT853952,G,115,L,P
MT853952,G,120,K,N
MT853952,G,121,S,P
MT853952,G,128,Q,_
MT853952,G,136,C,H
MT853952,G,143,P,S
MT853952,G,149,L,P
MT853952,G,151,H,Y
MT853952,G,152,N,Y
MT853952,G,153,P,L
MT853952,G,155,S,N
MT853952,G,163,T,I
MT853952,G,166,Q,K
MT853952,G,167,A,T
MT853952,G,170,I,T
MT853952,G,179,T,I
MT853952,G,194,L,P
MT853952,G,197,K,R
MT853952,G,200,Q,P
MT853952,G,204,Q,L
MT853952,G,209,L,P
MT853952,G,230,L,Q
MT853952,G,236,P,S
MT853952,G,240,P,L
MT853952,G,254,_,V
MT853952,G,257,Y,C
MT853952,G,268,S,T
MT853952,G,272,W,R
MT853952,G,278,L,P
MT853952,G,284,Q,_
MT853952,G,286,L,Y
MT853952,G,287,L,H
MT853952,G,290,L,I
MT853952,G,296,H,Y
MT853953,G,105,L,P
MT853953,G,110,V,A
MT853953,G,111,P,S
MT853953,G,112,L,P
MT853953,G,114,R,C
MT853953,G,115,L,P
MT853953,G,120,K,N
MT853953,G,121,S,P
MT853953,G,128,Q,_
MT853953,G,136,C,H
MT853953,G,138,P,L
MT853953,G,139,Q,R
MT853953,G,143,P,S
MT853953,G,149,L,P
MT853953,G,151,H,Y
MT853953,G,152,N,Y
MT853953,G,155,S,N
MT853953,G,163,T,I
MT853953,G,166,Q,K
MT853953,G,167,A,T
MT853953,G,170,I,T
MT853953,G,179,T,I
MT853953,G,194,L,P
MT853953,G,197,K,R
MT853953,G,204,Q,L
MT853953,G,209,L,P
MT853953,G,230,L,Q
MT853953,G,236,P,S
MT853953,G,240,P,L
MT853953,G,254,_,V
MT853953,G,257,Y,C
MT853953,G,268,S,T
MT853953,G,272,W,R
MT853953,G,278,L,P
MT853953,G,284,Q,_
MT853953,G,286,L,Y
MT853953,G,287,L,H
MT853953,G,290,L,I
MT853953,G,296,H,Y
MT853954,G,105,L,P
MT853954,G,110,V,A
MT853954,G,111,P,S
MT853954,G,112,L,P
MT853954,G,114,R,C
MT853954,G,116,K,E
MT853954,G,131,E,V
MT853954,G,132,S,L
MT853954,G,136,C,H
MT853954,G,140,Q,_
MT853954,G,143,P,S
MT853954,G,149,L,P
MT853954,G,151,H,Y
MT853954,G,152,N,Y
MT853954,G,153,P,L
MT853954,G,155,S,N
MT853954,G,163,T,I
MT853954,G,166,Q,K
MT853954,G,167,A,T
MT853954,G,170,I,T
MT853954,G,179,T,I
MT853954,G,194,L,P
MT853954,G,197,K,R
MT853954,G,204,Q,L
MT853954,G,209,L,P
MT853954,G,230,L,Q
MT853954,G,236,P,S
MT853954,G,240,P,L
MT853954,G,245,P,L
MT853954,G,254,_,E
MT853954,G,257,Y,C
MT853954,G,263,Q,_
MT853954,G,266,Q,_
MT853954,G,268,S,T
MT853954,G,272,W,R
MT853954,G,278,L,P
MT853954,G,286,L,H
MT853954,G,287,L,H
MT853954,G,290,L,I
MT853954,G,296,H,Y
MT853955,G,105,L,P
MT853955,G,110,V,A
MT853955,G,111,P,S
MT853955,G,112,L,P
MT853955,G,114,R,C
MT853955,G,115,L,P
MT853955,G,120,K,N
MT853955,G,121,S,P
MT853955,G,128,Q,_
MT853955,G,136,C,H
MT853955,G,143,P,S
MT853955,G,149,L,P
MT853955,G,150,K,Q
MT853955,G,151,H,Y
MT853955,G,152,N,Y
MT853955,G,153,P,L
MT853955,G,155,S,N
MT853955,G,163,T,I
MT853955,G,166,Q,K
MT853955,G,167,A,T
MT853955,G,170,I,T
MT853955,G,179,T,I
MT853955,G,194,L,P
MT853955,G,197,K,R
MT853955,G,204,Q,L
MT853955,G,209,L,P
MT853955,G,230,L,Q
MT853955,G,236,P,S
MT853955,G,240,P,L
MT853955,G,254,_,E
MT853955,G,257,Y,C
MT853955,G,268,S,T
MT853955,G,272,W,R
MT853955,G,278,L,P
MT853955,G,284,Q,_
MT853955,G,286,L,H
MT853955,G,287,L,H
MT853955,G,290,L,I
MT853955,G,296,H,Y
MT853956,G,105,L,P
MT853956,G,110,V,A
MT853956,G,111,P,S
MT853956,G,112,L,P
MT853956,G,114,R,C
MT853956,G,115,L,P
MT853956,G,116,K,E
MT853956,G,120,K,N
MT853956,G,121,S,P
MT853956,G,131,E,V
MT853956,G,132,S,L
MT853956,G,136,C,H
MT853956,G,143,P,S
MT853956,G,149,L,P
MT853956,G,151,H,Y
MT853956,G,153,P,L
MT853956,G,155,S,N
MT853956,G,163,T,I
MT853956,G,166,Q,K
MT853956,G,167,A,T
MT853956,G,170,I,T
MT853956,G,179,T,I
MT853956,G,184,A,V
MT853956,G,194,L,P
MT853956,G,197,K,R
MT853956,G,204,Q,L
MT853956,G,209,L,P
MT853956,G,230,L,Q
MT853956,G,233,R,K
MT853956,G,236,P,S
MT853956,G,254,_,E
MT853956,G,255,L,P
MT853956,G,257,Y,C
MT853956,G,268,S,T
MT853956,G,272,W,R
MT853956,G,278,L,P
MT853956,G,280,P,S
MT853956,G,284,Q,_
MT853956,G,286,L,H
MT853956,G,287,L,H
MT853956,G,290,L,I
MT853956,G,296,H,Y
MT853957,G,105,L,P
MT853957,G,110,V,A
MT853957,G,111,P,S
MT853957,G,112,L,P
MT853957,G,114,R,C
MT853957,G,115,L,P
MT853957,G,120,K,N
MT853957,G,121,S,P
MT853957,G,128,Q,_
MT853957,G,136,C,H
MT853957,G,143,P,S
MT853957,G,149,L,P
MT853957,G,151,H,Y
MT853957,G,152,N,Y
MT853957,G,153,P,L
MT853957,G,155,S,N
MT853957,G,163,T,I
MT853957,G,166,Q,K
MT853957,G,167,A,T
MT853957,G,170,I,T
MT853957,G,194,L,P
MT853957,G,197,K,R
MT853957,G,204,Q,L
MT853957,G,209,L,P
MT853957,G,228,K,R
MT853957,G,230,L,Q
MT853957,G,236,P,S
MT853957,G,240,P,L
MT853957,G,254,_,E
MT853957,G,257,Y,C
MT853957,G,268,S,T
MT853957,G,272,W,R
MT853957,G,278,L,P
MT853957,G,284,Q,_
MT853957,G,286,L,H
MT853957,G,287,L,H
MT853957,G,290,L,I
MT853957,G,296,H,Y
MT853957,G,299,L,H
MT853958,G,105,L,P
MT853958,G,110,V,A
MT853958,G,111,P,S
MT853958,G,112,L,P
MT853958,G,114,R,C
MT853958,G,115,L,P
MT853958,G,120,K,N
MT853958,G,121,S,P
MT853958,G,128,Q,_
MT853958,G,136,C,H
MT853958,G,143,P,S
MT853958,G,149,L,P
MT853958,G,151,H,Y
MT853958,G,152,N,Y
MT853958,G,153,P,L
MT853958,G,155,S,N
MT853958,G,163,T,I
MT853958,G,166,Q,K
MT853958,G,167,A,T
MT853958,G,170,I,T
MT853958,G,179,T,I
MT853958,G,194,L,P
MT853958,G,197,K,R
MT853958,G,204,Q,L
MT853958,G,209,L,P
MT853958,G,230,L,Q
MT853958,G,236,P,S
MT853958,G,240,P,L
MT853958,G,254,_,V
MT853958,G,257,Y,C
MT853958,G,268,S,T
MT853958,G,270,V,I
MT853958,G,272,W,R
MT853958,G,278,L,P
MT853958,G,284,Q,_
MT853958,G,286,L,Y
MT853958,G,287,L,H
MT853958,G,290,L,I
MT853958,G,296,H,Y
MT853959,G,105,L,P
MT853959,G,110,V,A
MT853959,G,111,P,S
MT853959,G,112,L,P
MT853959,G,114,R,C
MT853959,G,115,L,P
MT853959,G,120,K,N
MT853959,G,121,S,P
MT853959,G,128,Q,_
MT853959,G,136,C,H
MT853959,G,143,P,S
MT853959,G,149,L,P
MT853959,G,151,H,Y
MT853959,G,152,N,Y
MT853959,G,153,P,L
MT853959,G,155,S,N
MT853959,G,163,T,I
MT853959,G,166,Q,K
MT853959,G,167,A,T
MT853959,G,170,I,T
MT853959,G,179,T,I
MT853959,G,194,L,P
MT853959,G,197,K,R
MT853959,G,204,Q,L
MT853959,G,209,L,P
MT853959,G,230,L,Q
MT853959,G,236,P,S
MT853959,G,240,P,L
MT853959,G,254,_,V
MT853959,G,257,Y,C
MT853959,G,268,S,T
MT853959,G,272,W,R
MT853959,G,278,L,P
MT853959,G,284,Q,_
MT853959,G,286,L,Y
MT853959,G,287,L,H
MT853959,G,290,L,I
MT853959,G,296,H,Y
MT853960,G,110,V,A
MT853960,G,111,P,S
MT853960,G,112,L,P
MT853960,G,114,R,C
MT853960,G,115,L,P
MT853960,G,116,K,E
MT853960,G,120,K,N
MT853960,G,121,S,P
MT853960,G,131,E,V
MT853960,G,132,S,L
MT853960,G,136,C,H
MT853960,G,140,Q,_
MT853960,G,143,P,S
MT853960,G,149,L,P
MT853960,G,151,H,Y
MT853960,G,152,N,Y
MT853960,G,153,P,L
MT853960,G,155,S,N
MT853960,G,163,T,I
MT853960,G,166,Q,K
MT853960,G,167,A,T
MT853960,G,170,I,T
MT853960,G,179,T,I
MT853960,G,194,L,P
MT853960,G,197,K,R
MT853960,G,204,Q,L
MT853960,G,209,L,P
MT853960,G,230,L,Q
MT853960,G,236,P,S
MT853960,G,246,S,L
MT853960,G,254,_,E
MT853960,G,257,Y,C
MT853960,G,263,Q,_
MT853960,G,268,S,T
MT853960,G,272,W,R
MT853960,G,278,L,P
MT853960,G,284,Q,_
MT853960,G,286,L,H
MT853960,G,287,L,H
MT853960,G,290,L,I
MT853960,G,296,H,Y
MT853961,G,105,L,P
MT853961,G,110,V,A
MT853961,G,111,P,S
MT853961,G,112,L,P
MT853961,G,114,R,C
MT853961,G,115,L,P
MT853961,G,120,K,N
MT853961,G,121,S,P
MT853961,G,128,Q,_
MT853961,G,136,C,H
MT853961,G,143,P,S
MT853961,G,149,L,P
MT853961,G,151,H,Y
MT853961,G,152,N,Y
MT853961,G,153,P,L
MT853961,G,155,S,N
MT853961,G,161,A,D
MT853961,G,163,T,I
MT853961,G,166,Q,K
MT853961,G,167,A,T
MT853961,G,170,I,T
MT853961,G,194,L,P
MT853961,G,197,K,R
MT853961,G,204,Q,L
MT853961,G,209,L,P
MT853961,G,230,L,Q
MT853961,G,236,P,S
MT853961,G,240,P,L
MT853961,G,254,_,A
MT853961,G,257,Y,C
MT853961,G,268,S,T
MT853961,G,272,W,R
MT853961,G,278,L,P
MT853961,G,284,Q,_
MT853961,G,286,L,H
MT853961,G,287,L,H
MT853961,G,290,L,I
MT853961,G,296,H,Y
MT853962,G,105,L,P
MT853962,G,110,V,A
MT853962,G,111,P,S
MT853962,G,112,L,P
MT853962,G,114,R,C
MT853962,G,115,L,P
MT853962,G,120,K,N
MT853962,G,121,S,P
MT853962,G,128,Q,_
MT853962,G,136,C,H
MT853962,G,143,P,S
MT853962,G,149,L,P
MT853962,G,151,H,Y
MT853962,G,152,N,Y
MT853962,G,153,P,L
MT853962,G,155,S,N
MT853962,G,163,T,I
MT853962,G,166,Q,K
MT853962,G,167,A,T
MT853962,G,170,I,T
MT853962,G,179,T,I
MT853962,G,194,L,P
MT853962,G,197,K,R
MT853962,G,204,Q,L
MT853962,G,209,L,P
MT853962,G,230,L,Q
MT853962,G,236,P,S
MT853962,G,240,P,L
MT853962,G,254,_,V
MT853962,G,257,Y,C
MT853962,G,268,S,T
MT853962,G,272,W,R
MT853962,G,278,L,P
MT853962,G,284,Q,_
MT853962,G,286,L,Y
MT853962,G,287,L,H
MT853962,G,290,L,I
MT853962,G,296,H,Y
MT853963,G,105,L,P
MT853963,G,110,V,A
MT853963,G,111,P,S
MT853963,G,112,L,P
MT853963,G,114,R,C
MT853963,G,115,L,P
MT853963,G,117,L,P
MT853963,G,120,K,N
MT853963,G,121,S,P
MT853963,G,128,Q,_
MT853963,G,136,C,H
MT853963,G,143,P,S
MT853963,G,149,L,P
MT853963,G,151,H,Y
MT853963,G,152,N,Y
MT853963,G,153,P,L
MT853963,G,155,S,N
MT853963,G,163,T,I
MT853963,G,166,Q,K
MT853963,G,167,A,T
MT853963,G,170,I,T
MT853963,G,179,T,I
MT853963,G,194,L,P
MT853963,G,197,K,R
MT853963,G,204,Q,L
MT853963,G,209,L,P
MT853963,G,230,L,Q
MT853963,G,236,P,S
MT853963,G,240,P,L
MT853963,G,254,_,E
MT853963,G,257,Y,C
MT853963,G,268,S,T
MT853963,G,272,W,R
MT853963,G,278,L,P
MT853963,G,284,Q,_
MT853963,G,286,L,H
MT853963,G,287,L,H
MT853963,G,290,L,I
MT853963,G,296,H,Y
MT853964,G,105,L,P
MT853964,G,110,V,A
MT853964,G,111,P,S
MT853964,G,112,L,P
MT853964,G,114,R,C
MT853964,G,115,L,P
MT853964,G,116,K,E
MT853964,G,120,K,N
MT853964,G,121,S,P
MT853964,G,131,E,V
MT853964,G,132,S,L
MT853964,G,136,C,H
MT853964,G,143,P,S
MT853964,G,149,L,P
MT853964,G,151,H,Y
MT853964,G,153,P,L
MT853964,G,155,S,N
MT853964,G,160,N,S
MT853964,G,163,T,I
MT853964,G,166,Q,K
MT853964,G,167,A,T
MT853964,G,170,I,T
MT853964,G,179,T,I
MT853964,G,184,A,V
MT853964,G,194,L,P
MT853964,G,197,K,R
MT853964,G,204,Q,L
MT853964,G,209,L,P
MT853964,G,230,L,Q
MT853964,G,233,R,K
MT853964,G,236,P,S
MT853964,G,254,_,E
MT853964,G,255,L,P
MT853964,G,257,Y,C
MT853964,G,268,S,T
MT853964,G,272,W,R
MT853964,G,278,L,P
MT853964,G,280,P,S
MT853964,G,284,Q,_
MT853964,G,286,L,H
MT853964,G,287,L,H
MT853964,G,290,L,I
MT853964,G,296,H,Y
MT853965,G,105,L,P
MT853965,G,110,V,A
MT853965,G,111,P,S
MT853965,G,112,L,P
MT853965,G,114,R,C
MT853965,G,115,L,P
MT853965,G,120,K,N
MT853965,G,121,S,P
MT853965,G,128,Q,_
MT853965,G,136,C,H
MT853965,G,143,P,S
MT853965,G,149,L,P
MT853965,G,151,H,Y
MT853965,G,152,N,Y
MT853965,G,153,P,L
MT853965,G,155,S,N
MT853965,G,163,T,I
MT853965,G,166,Q,K
MT853965,G,167,A,T
MT853965,G,170,I,T
MT853965,G,179,T,I
MT853965,G,194,L,P
MT853965,G,197,K,R
MT853965,G,204,Q,L
MT853965,G,209,L,P
MT853965,G,230,L,Q
MT853965,G,236,P,S
MT853965,G,240,P,L
MT853965,G,254,_,V
MT853965,G,257,Y,C
MT853965,G,268,S,T
MT853965,G,272,W,R
MT853965,G,278,L,P
MT853965,G,284,Q,_
MT853965,G,286,L,Y
MT853965,G,287,L,H
MT853965,G,290,L,I
MT853965,G,296,H,Y
MT853966,G,105,L,P
MT853966,G,110,V,A
MT853966,G,111,P,S
MT853966,G,112,L,P
MT853966,G,114,R,C
MT853966,G,115,L,P
MT853966,G,120,K,N
MT853966,G,121,S,P
MT853966,G,128,Q,_
MT853966,G,136,C,H
MT853966,G,143,P,S
MT853966,G,149,L,P
MT853966,G,151,H,Y
MT853966,G,152,N,Y
MT853966,G,153,P,L
MT853966,G,155,S,N
MT853966,G,163,T,I
MT853966,G,166,Q,K
MT853966,G,167,A,T
MT853966,G,170,I,T
MT853966,G,179,T,I
MT853966,G,194,L,P
MT853966,G,197,K,R
MT853966,G,204,Q,L
MT853966,G,209,L,P
MT853966,G,230,L,Q
MT853966,G,236,P,S
MT853966,G,240,P,L
MT853966,G,254,_,V
MT853966,G,257,Y,C
MT853966,G,268,S,T
MT853966,G,272,W,R
MT853966,G,278,L,P
MT853966,G,284,Q,_
MT853966,G,286,L,Y
MT853966,G,287,L,H
MT853966,G,290,L,I
MT853966,G,296,H,Y
MT853967,G,105,L,P
MT853967,G,110,V,A
MT853967,G,111,P,S
MT853967,G,112,L,P
MT853967,G,114,R,C
MT853967,G,115,L,P
MT853967,G,120,K,N
MT853967,G,121,S,P
MT853967,G,128,Q,_
MT853967,G,136,C,H
MT853967,G,143,P,S
MT853967,G,149,L,P
MT853967,G,151,H,Y
MT853967,G,152,N,Y
MT853967,G,153,P,L
MT853967,G,155,S,N
MT853967,G,156,P,L
MT853967,G,163,T,I
MT853967,G,166,Q,K
MT853967,G,167,A,T
MT853967,G,170,I,T
MT853967,G,179,T,I
MT853967,G,194,L,P
MT853967,G,197,K,R
MT853967,G,204,Q,L
MT853967,G,209,L,P
MT853967,G,230,L,Q
MT853967,G,236,P,S
MT853967,G,240,P,L
MT853967,G,254,_,E
MT853967,G,257,Y,C
MT853967,G,268,S,T
MT853967,G,272,W,R
MT853967,G,278,L,P
MT853967,G,286,L,H
MT853967,G,287,L,H
MT853967,G,290,L,I
MT853967,G,296,H,Y
MT853968,G,105,L,P
MT853968,G,110,V,A
MT853968,G,111,P,S
MT853968,G,112,L,P
MT853968,G,114,R,C
MT853968,G,115,L,P
MT853968,G,120,K,N
MT853968,G,121,S,P
MT853968,G,128,Q,_
MT853968,G,136,C,H
MT853968,G,143,P,S
MT853968,G,149,L,P
MT853968,G,151,H,Y
MT853968,G,152,N,Y
MT853968,G,153,P,L
MT853968,G,155,S,N
MT853968,G,163,T,I
MT853968,G,166,Q,K
MT853968,G,167,A,T
MT853968,G,170,I,T
MT853968,G,179,T,I
MT853968,G,194,L,P
MT853968,G,197,K,R
MT853968,G,204,Q,L
MT853968,G,209,L,P
MT853968,G,230,L,Q
MT853968,G,236,P,S
MT853968,G,240,P,L
MT853968,G,254,_,V
MT853968,G,257,Y,C
MT853968,G,268,S,T
MT853968,G,272,W,R
MT853968,G,278,L,P
MT853968,G,284,Q,_
MT853968,G,286,L,Y
MT853968,G,287,L,H
MT853968,G,290,L,I
MT853968,G,296,H,Y
MT853969,G,105,L,P
MT853969,G,110,V,A
MT853969,G,111,P,S
MT853969,G,112,L,P
MT853969,G,114,R,C
MT853969,G,115,L,P
MT853969,G,120,K,N
MT853969,G,121,S,P
MT853969,G,128,Q,_
MT853969,G,136,C,H
MT853969,G,143,P,S
MT853969,G,149,L,P
MT853969,G,151,H,Y
MT853969,G,152,N,Y
MT853969,G,153,P,L
MT853969,G,155,S,N
MT853969,G,161,A,T
MT853969,G,163,T,I
MT853969,G,166,Q,K
MT853969,G,167,A,T
MT853969,G,170,I,T
MT853969,G,179,T,I
MT853969,G,194,L,P
MT853969,G,197,K,R
MT853969,G,204,Q,L
MT853969,G,209,L,P
MT853969,G,230,L,Q
MT853969,G,236,P,S
MT853969,G,240,P,L
MT853969,G,254,_,V
MT853969,G,257,Y,C
MT853969,G,259,P,L
MT853969,G,268,S,T
MT853969,G,272,W,R
MT853969,G,278,L,P
MT853969,G,279,P,L
MT853969,G,284,Q,_
MT853969,G,286,L,Y
MT853969,G,287,L,H
MT853969,G,290,L,I
MT853969,G,296,H,Y
MT853970,G,105,L,P
MT853970,G,110,V,A
MT853970,G,111,P,S
MT853970,G,112,L,P
MT853970,G,114,R,C
MT853970,G,115,L,P
MT853970,G,120,K,N
MT853970,G,121,S,P
MT853970,G,128,Q,_
MT853970,G,136,C,H
MT853970,G,143,P,S
MT853970,G,149,L,P
MT853970,G,151,H,Y
MT853970,G,152,N,Y
MT853970,G,153,P,L
MT853970,G,155,S,N
MT853970,G,163,T,I
MT853970,G,166,Q,K
MT853970,G,167,A,T
MT853970,G,170,I,T
MT853970,G,179,T,I
MT853970,G,194,L,P
MT853970,G,197,K,R
MT853970,G,204,Q,L
MT853970,G,209,L,P
MT853970,G,230,L,Q
MT853970,G,236,P,S
MT853970,G,240,P,L
MT853970,G,254,_,V
MT853970,G,257,Y,C
MT853970,G,268,S,T
MT853970,G,272,W,R
MT853970,G,278,L,P
MT853970,G,284,Q,_
MT853970,G,286,L,Y
MT853970,G,287,L,H
MT853970,G,290,L,I
MT853970,G,296,H,Y
MT853971,G,105,L,P
MT853971,G,110,V,A
MT853971,G,111,P,S
MT853971,G,112,L,P
MT853971,G,114,R,C
MT853971,G,115,L,P
MT853971,G,120,K,N
MT853971,G,121,S,P
MT853971,G,128,Q,_
MT853971,G,136,C,H
MT853971,G,143,P,S
MT853971,G,149,L,P
MT853971,G,151,H,Y
MT853971,G,152,N,Y
MT853971,G,155,S,N
MT853971,G,163,T,V
MT853971,G,166,Q,K
MT853971,G,167,A,T
MT853971,G,170,I,T
MT853971,G,194,L,P
MT853971,G,197,K,R
MT853971,G,204,Q,L
MT853971,G,209,L,P
MT853971,G,228,K,R
MT853971,G,230,L,Q
MT853971,G,236,P,S
MT853971,G,240,P,L
MT853971,G,254,_,E
MT853971,G,257,Y,C
MT853971,G,268,S,T
MT853971,G,272,W,R
MT853971,G,278,L,P
MT853971,G,284,Q,_
MT853971,G,286,L,H
MT853971,G,287,L,H
MT853971,G,290,L,I
MT853971,G,296,H,Y
MT853971,G,299,L,H
MT853972,G,105,L,P
MT853972,G,110,V,A
MT853972,G,111,P,S
MT853972,G,112,L,P
MT853972,G,114,R,C
MT853972,G,115,L,P
MT853972,G,117,L,P
MT853972,G,120,K,N
MT853972,G,121,S,P
MT853972,G,128,Q,_
MT853972,G,136,C,H
MT853972,G,143,P,S
MT853972,G,149,L,P
MT853972,G,151,H,Y
MT853972,G,152,N,Y
MT853972,G,153,P,L
MT853972,G,155,S,N
MT853972,G,163,T,I
MT853972,G,166,Q,K
MT853972,G,167,A,T
MT853972,G,170,I,T
MT853972,G,179,T,I
MT853972,G,194,L,P
MT853972,G,197,K,R
MT853972,G,204,Q,L
MT853972,G,209,L,P
MT853972,G,230,L,Q
MT853972,G,236,P,S
MT853972,G,240,P,L
MT853972,G,254,_,E
MT853972,G,257,Y,C
MT853972,G,268,S,T
MT853972,G,272,W,R
MT853972,G,278,L,P
MT853972,G,284,Q,_
MT853972,G,286,L,H
MT853972,G,287,L,H
MT853972,G,290,L,I
MT853972,G,296,H,Y
MT853973,G,105,L,P
MT853973,G,110,V,A
MT853973,G,111,P,S
MT853973,G,112,L,P
MT853973,G,114,R,C
MT853973,G,116,K,E
MT853973,G,131,E,V
MT853973,G,132,S,L
MT853973,G,136,C,H
MT853973,G,140,Q,_
MT853973,G,143,P,S
MT853973,G,149,L,P
MT853973,G,151,H,Y
MT853973,G,152,N,Y
MT853973,G,153,P,L
MT853973,G,155,S,N
MT853973,G,163,T,I
MT853973,G,166,Q,K
MT853973,G,167,A,T
MT853973,G,170,I,T
MT853973,G,179,T,I
MT853973,G,194,L,P
MT853973,G,197,K,R
MT853973,G,204,Q,L
MT853973,G,209,L,P
MT853973,G,230,L,Q
MT853973,G,236,P,S
MT853973,G,240,P,L
MT853973,G,245,P,L
MT853973,G,254,_,E
MT853973,G,257,Y,C
MT853973,G,263,Q,_
MT853973,G,266,Q,_
MT853973,G,268,S,T
MT853973,G,272,W,R
MT853973,G,278,L,P
MT853973,G,286,L,H
MT853973,G,287,L,H
MT853973,G,290,L,I
MT853973,G,296,H,Y
MT853974,G,105,L,P
MT853974,G,110,V,A
MT853974,G,111,P,S
MT853974,G,112,L,P
MT853974,G,114,R,C
MT853974,G,115,L,P
MT853974,G,120,K,N
MT853974,G,121,S,P
MT853974,G,128,Q,_
MT853974,G,136,C,H
MT853974,G,143,P,S
MT853974,G,149,L,P
MT853974,G,151,H,Y
MT853974,G,152,N,Y
MT853974,G,153,P,L
MT853974,G,155,S,N
MT853974,G,163,T,I
MT853974,G,166,Q,K
MT853974,G,167,A,T
MT853974,G,170,I,T
MT853974,G,179,T,I
MT853974,G,194,L,P
MT853974,G,197,K,R
MT853974,G,204,Q,L
MT853974,G,209,L,P
MT853974,G,214,K,I
MT853974,G,230,L,Q
MT853974,G,236,P,S
MT853974,G,240,P,L
MT853974,G,254,_,V
MT853974,G,257,Y,C
MT853974,G,268,S,T
MT853974,G,272,W,R
MT853974,G,278,L,P
MT853974,G,284,Q,_
MT853974,G,286,L,Y
MT853974,G,287,L,H
MT853974,G,290,L,I
MT853974,G,296,H,Y
MT853975,G,105,L,P
MT853975,G,110,V,A
MT853975,G,111,P,S
MT853975,G,112,L,P
MT853975,G,114,R,C
MT853975,G,115,L,P
MT853975,G,120,K,N
MT853975,G,121,S,P
MT853975,G,128,Q,_
MT853975,G,136,C,H
MT853975,G,143,P,S
MT853975,G,149,L,P
MT853975,G,151,H,Y
MT853975,G,152,N,Y
MT853975,G,153,P,L
MT853975,G,155,S,N
MT853975,G,163,T,I
MT853975,G,166,Q,K
MT853975,G,167,A,T
MT853975,G,170,I,T
MT853975,G,179,T,I
MT853975,G,194,L,P
MT853975,G,197,K,R
MT853975,G,204,Q,L
MT853975,G,209,L,P
MT853975,G,230,L,Q
MT853975,G,236,P,S
MT853975,G,240,P,L
MT853975,G,254,_,V
MT853975,G,257,Y,C
MT853975,G,268,S,T
MT853975,G,272,W,R
MT853975,G,278,L,P
MT853975,G,284,Q,_
MT853975,G,286,L,Y
MT853975,G,287,L,H
MT853975,G,290,L,I
MT853975,G,296,H,Y
MT853976,G,105,L,P
MT853976,G,110,V,A
MT853976,G,111,P,S
MT853976,G,112,L,P
MT853976,G,114,R,C
MT853976,G,115,L,P
MT853976,G,117,L,P
MT853976,G,120,K,N
MT853976,G,121,S,P
MT853976,G,128,Q,_
MT853976,G,136,C,H
MT853976,G,143,P,S
MT853976,G,149,L,P
MT853976,G,151,H,Y
MT853976,G,152,N,Y
MT853976,G,153,P,L
MT853976,G,155,S,N
MT853976,G,163,T,I
MT853976,G,166,Q,K
MT853976,G,167,A,T
MT853976,G,170,I,T
MT853976,G,179,T,I
MT853976,G,194,L,P
MT853976,G,197,K,R
MT853976,G,204,Q,L
MT853976,G,209,L,P
MT853976,G,230,L,Q
MT853976,G,236,P,S
MT853976,G,240,P,L
MT853976,G,254,_,E
MT853976,G,257,Y,C
MT853976,G,268,S,T
MT853976,G,272,W,R
MT853976,G,278,L,P
MT853976,G,284,Q,_
MT853976,G,286,L,H
MT853976,G,287,L,H
MT853976,G,290,L,I
MT853976,G,296,H,Y
MT853977,G,105,L,P
MT853977,G,110,V,A
MT853977,G,111,P,S
MT853977,G,112,L,P
MT853977,G,114,R,C
MT853977,G,115,L,P
MT853977,G,120,K,N
MT853977,G,121,S,P
MT853977,G,128,Q,_
MT853977,G,136,C,H
MT853977,G,143,P,S
MT853977,G,149,L,P
MT853977,G,151,H,Y
MT853977,G,152,N,Y
MT853977,G,153,P,L
MT853977,G,155,S,N
MT853977,G,163,T,I
MT853977,G,166,Q,K
MT853977,G,167,A,T
MT853977,G,170,I,T
MT853977,G,179,T,I
MT853977,G,194,L,P
MT853977,G,197,K,R
MT853977,G,204,Q,L
MT853977,G,209,L,P
MT853977,G,230,L,Q
MT853977,G,236,P,S
MT853977,G,240,P,L
MT853977,G,254,_,V
MT853977,G,257,Y,C
MT853977,G,268,S,T
MT853977,G,272,W,R
MT853977,G,278,L,P
MT853977,G,284,Q,_
MT853977,G,286,L,Y
MT853977,G,287,L,H
MT853977,G,290,L,I
MT853977,G,296,H,Y
MT853978,G,105,L,P
MT853978,G,110,V,A
MT853978,G,111,P,S
MT853978,G,112,L,P
MT853978,G,114,R,C
MT853978,G,120,K,N
MT853978,G,121,S,P
MT853978,G,128,Q,_
MT853978,G,136,C,H
MT853978,G,143,P,S
MT853978,G,149,L,P
MT853978,G,151,H,Y
MT853978,G,152,N,Y
MT853978,G,153,P,L
MT853978,G,155,S,N
MT853978,G,163,T,I
MT853978,G,166,Q,K
MT853978,G,167,A,T
MT853978,G,170,I,T
MT853978,G,179,T,I
MT853978,G,194,L,P
MT853978,G,197,K,R
MT853978,G,204,Q,L
MT853978,G,209,L,P
MT853978,G,230,L,Q
MT853978,G,236,P,S
MT853978,G,240,P,L
MT853978,G,254,_,E
MT853978,G,257,Y,R
MT853978,G,268,S,T
MT853978,G,272,W,R
MT853978,G,278,L,P
MT853978,G,284,Q,_
MT853978,G,286,L,H
MT853978,G,287,L,H
MT853978,G,290,L,I
MT853978,G,296,H,Y
MT853979,G,105,L,P
MT853979,G,110,V,A
MT853979,G,111,P,S
MT853979,G,112,L,P
MT853979,G,114,R,C
MT853979,G,115,L,P
MT853979,G,116,K,E
MT853979,G,120,K,N
MT853979,G,121,S,P
MT853979,G,122,P,L
MT853979,G,131,E,V
MT853979,G,132,S,L
MT853979,G,136,C,H
MT853979,G,143,P,S
MT853979,G,149,L,P
MT853979,G,151,H,Y
MT853979,G,153,P,L
MT853979,G,155,S,N
MT853979,G,163,T,I
MT853979,G,166,Q,K
MT853979,G,167,A,T
MT853979,G,170,I,T
MT853979,G,179,T,I
MT853979,G,194,L,P
MT853979,G,197,K,R
MT853979,G,204,Q,L
MT853979,G,209,L,P
MT853979,G,230,L,Q
MT853979,G,231,N,D
MT853979,G,236,P,S
MT853979,G,254,_,E
MT853979,G,257,Y,C
MT853979,G,262,P,L
MT853979,G,268,S,T
MT853979,G,272,W,R
MT853979,G,278,L,P
MT853979,G,284,Q,_
MT853979,G,286,L,H
MT853979,G,287,L,H
MT853979,G,290,L,I
MT853979,G,296,H,Y
MT853979,G,299,L,F
MT853980,G,105,L,P
MT853980,G,110,V,A
MT853980,G,111,P,S
MT853980,G,112,L,P
MT853980,G,114,R,C
MT853980,G,115,L,P
MT853980,G,120,K,N
MT853980,G,121,S,P
MT853980,G,128,Q,_
MT853980,G,136,C,H
MT853980,G,143,P,S
MT853980,G,149,L,P
MT853980,G,151,H,Y
MT853980,G,152,N,Y
MT853980,G,153,P,L
MT853980,G,155,S,N
MT853980,G,161,A,T
MT853980,G,163,T,I
MT853980,G,166,Q,K
MT853980,G,167,A,T
MT853980,G,170,I,T
MT853980,G,179,T,I
MT853980,G,194,L,P
MT853980,G,197,K,R
MT853980,G,204,Q,L
MT853980,G,209,L,P
MT853980,G,230,L,Q
MT853980,G,236,P,S
MT853980,G,240,P,L
MT853980,G,254,_,V
MT853980,G,257,Y,C
MT853980,G,268,S,T
MT853980,G,272,W,R
MT853980,G,278,L,P
MT853980,G,284,Q,_
MT853980,G,286,L,Y
MT853980,G,287,L,H
MT853980,G,290,L,I
MT853980,G,296,H,Y
MT853981,G,105,L,P
MT853981,G,110,V,A
MT853981,G,111,P,S
MT853981,G,112,L,P
MT853981,G,114,R,C
MT853981,G,115,L,P
MT853981,G,116,K,E
MT853981,G,120,K,N
MT853981,G,121,S,P
MT853981,G,122,P,L
MT853981,G,131,E,V
MT853981,G,132,S,L
MT853981,G,136,C,H
MT853981,G,143,P,S
MT853981,G,149,L,P
MT853981,G,151,H,Y
MT853981,G,153,P,L
MT853981,G,155,S,N
MT853981,G,163,T,I
MT853981,G,166,Q,K
MT853981,G,167,A,T
MT853981,G,170,I,T
MT853981,G,179,T,I
MT853981,G,194,L,P
MT853981,G,197,K,R
MT853981,G,204,Q,L
MT853981,G,209,L,P
MT853981,G,229,P,L
MT853981,G,230,L,Q
MT853981,G,231,N,D
MT853981,G,236,P,S
MT853981,G,252,T,A
MT853981,G,254,_,E
MT853981,G,257,Y,C
MT853981,G,262,P,L
MT853981,G,268,S,T
MT853981,G,272,W,R
MT853981,G,278,L,P
MT853981,G,284,Q,_
MT853981,G,286,L,H
MT853981,G,287,L,H
MT853981,G,290,L,I
MT853981,G,296,H,Y
MT853981,G,299,L,F
MT853982,G,105,L,P
MT853982,G,110,V,A
MT853982,G,111,P,S
MT853982,G,112,L,P
MT853982,G,114,R,C
MT853982,G,115,L,P
MT853982,G,117,L,P
MT853982,G,120,K,N
MT853982,G,121,S,P
MT853982,G,128,Q,_
MT853982,G,136,C,H
MT853982,G,143,P,S
MT853982,G,149,L,P
MT853982,G,151,H,Y
MT853982,G,152,N,Y
MT853982,G,153,P,L
MT853982,G,155,S,N
MT853982,G,163,T,I
MT853982,G,166,Q,K
MT853982,G,167,A,T
MT853982,G,170,I,T
MT853982,G,179,T,I
MT853982,G,194,L,P
MT853982,G,197,K,R
MT853982,G,204,Q,L
MT853982,G,209,L,P
MT853982,G,230,L,Q
MT853982,G,236,P,S
MT853982,G,240,P,L
MT853982,G,254,_,E
MT853982,G,257,Y,C
MT853982,G,268,S,T
MT853982,G,272,W,R
MT853982,G,278,L,P
MT853982,G,284,Q,_
MT853982,G,286,L,H
MT853982,G,287,L,H
MT853982,G,290,L,I
MT853982,G,296,H,Y
MT853983,G,105,L,P
MT853983,G,110,V,A
MT853983,G,111,P,S
MT853983,G,112,L,P
MT853983,G,114,R,C
MT853983,G,115,L,P
MT853983,G,117,L,P
MT853983,G,120,K,N
MT853983,G,121,S,P
MT853983,G,128,Q,_
MT853983,G,136,C,H
MT853983,G,143,P,S
MT853983,G,149,L,P
MT853983,G,151,H,Y
MT853983,G,152,N,Y
MT853983,G,153,P,L
MT853983,G,155,S,N
MT853983,G,163,T,I
MT853983,G,166,Q,K
MT853983,G,167,A,T
MT853983,G,170,I,T
MT853983,G,179,T,I
MT853983,G,194,L,P
MT853983,G,197,K,R
MT853983,G,204,Q,L
MT853983,G,209,L,P
MT853983,G,230,L,Q
MT853983,G,236,P,S
MT853983,G,240,P,L
MT853983,G,254,_,E
MT853983,G,257,Y,C
MT853983,G,268,S,T
MT853983,G,272,W,R
MT853983,G,278,L,P
MT853983,G,284,Q,_
MT853983,G,286,L,H
MT853983,G,287,L,H
MT853983,G,290,L,I
MT853983,G,296,H,Y
MT853984,G,105,L,P
MT853984,G,110,V,A
MT853984,G,111,P,S
MT853984,G,112,L,P
MT853984,G,114,R,C
MT853984,G,115,L,P
MT853984,G,120,K,N
MT853984,G,121,S,P
MT853984,G,128,Q,_
MT853984,G,136,C,H
MT853984,G,143,P,S
MT853984,G,149,L,P
MT853984,G,151,H,Y
MT853984,G,152,N,Y
MT853984,G,153,P,L
MT853984,G,155,S,N
MT853984,G,163,T,I
MT853984,G,166,Q,K
MT853984,G,167,A,T
MT853984,G,170,I,T
MT853984,G,179,T,I
MT853984,G,194,L,P
MT853984,G,197,K,R
MT853984,G,204,Q,L
MT853984,G,209,L,P
MT853984,G,230,L,Q
MT853984,G,236,P,S
MT853984,G,240,P,L
MT853984,G,254,_,E
MT853984,G,257,Y,C
MT853984,G,268,S,T
MT853984,G,272,W,R
MT853984,G,278,L,P
MT853984,G,284,Q,_
MT853984,G,286,L,H
MT853984,G,287,L,H
MT853984,G,290,L,I
MT853984,G,296,H,Y
MT853985,G,105,L,P
MT853985,G,110,V,A
MT853985,G,111,P,S
MT853985,G,112,L,P
MT853985,G,114,R,C
MT853985,G,115,L,P
MT853985,G,120,K,N
MT853985,G,121,S,P
MT853985,G,128,Q,_
MT853985,G,136,C,H
MT853985,G,143,P,S
MT853985,G,149,L,P
MT853985,G,151,H,Y
MT853985,G,152,N,Y
MT853985,G,153,P,L
MT853985,G,155,S,N
MT853985,G,161,A,T
MT853985,G,163,T,I
MT853985,G,166,Q,K
MT853985,G,167,A,T
MT853985,G,170,I,T
MT853985,G,179,T,I
MT853985,G,194,L,P
MT853985,G,197,K,R
MT853985,G,204,Q,L
MT853985,G,209,L,P
MT853985,G,230,L,Q
MT853985,G,236,P,S
MT853985,G,240,P,L
MT853985,G,254,_,V
MT853985,G,257,Y,C
MT853985,G,268,S,T
MT853985,G,272,W,R
MT853985,G,278,L,P
MT853985,G,284,Q,_
MT853985,G,286,L,Y
MT853985,G,287,L,H
MT853985,G,290,L,I
MT853985,G,296,H,Y
MT853986,G,105,L,P
MT853986,G,110,V,A
MT853986,G,111,P,S
MT853986,G,112,L,P
MT853986,G,114,R,C
MT853986,G,115,L,P
MT853986,G,116,K,E
MT853986,G,120,K,N
MT853986,G,121,S,P
MT853986,G,131,E,V
MT853986,G,132,S,L
MT853986,G,136,C,H
MT853986,G,143,P,S
MT853986,G,149,L,P
MT853986,G,151,H,Y
MT853986,G,152,N,Y
MT853986,G,153,P,L
MT853986,G,155,S,N
MT853986,G,163,T,I
MT853986,G,166,Q,K
MT853986,G,167,A,T
MT853986,G,170,I,T
MT853986,G,179,T,I
MT853986,G,194,L,P
MT853986,G,197,K,R
MT853986,G,204,Q,L
MT853986,G,209,L,P
MT853986,G,216,Q,K
MT853986,G,230,L,Q
MT853986,G,236,P,S
MT853986,G,237,P,L
MT853986,G,240,P,L
MT853986,G,242,K,E
MT853986,G,249,P,L
MT853986,G,254,_,E
MT853986,G,257,Y,C
MT853986,G,268,S,T
MT853986,G,272,W,R
MT853986,G,278,L,P
MT853986,G,281,K,M
MT853986,G,286,L,H
MT853986,G,287,L,H
MT853986,G,290,L,I
MT853986,G,296,H,Y
MT853987,G,105,L,P
MT853987,G,110,V,A
MT853987,G,111,P,S
MT853987,G,112,L,P
MT853987,G,114,R,C
MT853987,G,115,L,P
MT853987,G,117,L,P
MT853987,G,120,K,N
MT853987,G,121,S,P
MT853987,G,125,_,Q
MT853987,G,136,C,H
MT853987,G,143,P,S
MT853987,G,149,L,P
MT853987,G,151,H,Y
MT853987,G,152,N,Y
MT853987,G,155,S,N
MT853987,G,163,T,I
MT853987,G,166,Q,K
MT853987,G,167,A,T
MT853987,G,170,I,T
MT853987,G,179,T,I
MT853987,G,194,L,P
MT853987,G,197,K,R
MT853987,G,204,Q,L
MT853987,G,209,L,P
MT853987,G,230,L,Q
MT853987,G,236,P,S
MT853987,G,254,_,E
MT853987,G,257,Y,C
MT853987,G,268,S,T
MT853987,G,272,W,R
MT853987,G,278,L,P
MT853987,G,286,L,H
MT853987,G,287,L,H
MT853987,G,290,L,I
MT853987,G,296,H,Y
MT853988,G,105,L,P
MT853988,G,111,P,S
MT853988,G,112,L,P
MT853988,G,114,R,C
MT853988,G,115,L,P
MT853988,G,120,K,N
MT853988,G,121,S,P
MT853988,G,128,Q,_
MT853988,G,136,C,H
MT853988,G,143,P,S
MT853988,G,149,L,P
MT853988,G,151,H,Y
MT853988,G,152,N,Y
MT853988,G,153,P,L
MT853988,G,155,S,N
MT853988,G,163,T,I
MT853988,G,166,Q,K
MT853988,G,167,A,T
MT853988,G,170,I,T
MT853988,G,179,T,I
MT853988,G,194,L,P
MT853988,G,197,K,R
MT853988,G,204,Q,L
MT853988,G,209,L,P
MT853988,G,230,L,Q
MT853988,G,236,P,S
MT853988,G,240,P,L
MT853988,G,243,S,N
MT853988,G,254,_,E
MT853988,G,257,Y,C
MT853988,G,268,S,T
MT853988,G,272,W,R
MT853988,G,278,L,P
MT853988,G,284,Q,_
MT853988,G,286,L,H
MT853988,G,287,L,H
MT853988,G,290,L,I
MT853988,G,296,H,Y
MT853989,G,105,L,P
MT853989,G,110,V,A
MT853989,G,111,P,S
MT853989,G,112,L,P
MT853989,G,114,R,C
MT853989,G,115,L,P
MT853989,G,120,K,N
MT853989,G,121,S,P
MT853989,G,128,Q,_
MT853989,G,136,C,H
MT853989,G,143,P,S
MT853989,G,149,L,P
MT853989,G,151,H,Y
MT853989,G,152,N,Y
MT853989,G,153,P,L
MT853989,G,155,S,N
MT853989,G,163,T,I
MT853989,G,166,Q,K
MT853989,G,167,A,T
MT853989,G,170,I,T
MT853989,G,179,T,I
MT853989,G,194,L,P
MT853989,G,197,K,R
MT853989,G,204,Q,L
MT853989,G,209,L,P
MT853989,G,230,L,Q
MT853989,G,236,P,S
MT853989,G,240,P,L
MT853989,G,254,_,V
MT853989,G,257,Y,C
MT853989,G,268,S,T
MT853989,G,272,W,R
MT853989,G,278,L,P
MT853989,G,284,Q,_
MT853989,G,286,L,Y
MT853989,G,287,L,H
MT853989,G,290,L,I
MT853989,G,296,H,Y
MT853990,G,105,L,P
MT853990,G,110,V,A
MT853990,G,111,P,S
MT853990,G,112,L,P
MT853990,G,114,R,C
MT853990,G,115,L,P
MT853990,G,120,K,N
MT853990,G,121,S,P
MT853990,G,122,P,S
MT853990,G,128,Q,_
MT853990,G,136,C,H
MT853990,G,143,P,S
MT853990,G,149,L,P
MT853990,G,151,H,Y
MT853990,G,152,N,Y
MT853990,G,153,P,L
MT853990,G,155,S,N
MT853990,G,163,T,I
MT853990,G,166,Q,K
MT853990,G,167,A,T
MT853990,G,170,I,T
MT853990,G,179,T,I
MT853990,G,194,L,P
MT853990,G,197,K,R
MT853990,G,204,Q,L
MT853990,G,209,L,P
MT853990,G,230,L,Q
MT853990,G,236,P,S
MT853990,G,240,P,L
MT853990,G,254,_,E
MT853990,G,257,Y,C
MT853990,G,268,S,T
MT853990,G,272,W,R
MT853990,G,278,L,P
MT853990,G,284,Q,_
MT853990,G,286,L,H
MT853990,G,287,L,H
MT853990,G,290,L,I
MT853990,G,296,H,Y
MT853991,G,105,L,P
MT853991,G,110,V,A
MT853991,G,111,P,S
MT853991,G,112,L,P
MT853991,G,114,R,C
MT853991,G,115,L,P
MT853991,G,120,K,N
MT853991,G,121,S,P
MT853991,G,128,Q,_
MT853991,G,136,C,H
MT853991,G,143,P,S
MT853991,G,149,L,P
MT853991,G,151,H,Y
MT853991,G,152,N,Y
MT853991,G,153,P,L
MT853991,G,155,S,N
MT853991,G,163,T,I
MT853991,G,166,Q,K
MT853991,G,167,A,T
MT853991,G,170,I,T
MT853991,G,179,T,I
MT853991,G,194,L,P
MT853991,G,197,K,R
MT853991,G,204,Q,L
MT853991,G,209,L,P
MT853991,G,230,L,Q
MT853991,G,236,P,S
MT853991,G,240,P,L
MT853991,G,254,_,V
MT853991,G,257,Y,C
MT853991,G,268,S,T
MT853991,G,272,W,R
MT853991,G,278,L,P
MT853991,G,284,Q,_
MT853991,G,286,L,Y
MT853991,G,287,L,H
MT853991,G,290,L,I
MT853991,G,296,H,Y
MT853992,G,105,L,P
MT853992,G,109,S,L
MT853992,G,110,V,A
MT853992,G,111,P,S
MT853992,G,112,L,P
MT853992,G,114,R,C
MT853992,G,115,L,P
MT853992,G,117,L,P
MT853992,G,120,K,N
MT853992,G,121,S,P
MT853992,G,131,E,V
MT853992,G,132,S,L
MT853992,G,136,C,H
MT853992,G,143,P,S
MT853992,G,149,L,P
MT853992,G,151,H,Y
MT853992,G,152,N,Y
MT853992,G,153,P,L
MT853992,G,155,S,N
MT853992,G,163,T,I
MT853992,G,166,Q,K
MT853992,G,167,A,T
MT853992,G,170,I,T
MT853992,G,179,T,I
MT853992,G,194,L,P
MT853992,G,197,K,R
MT853992,G,204,Q,L
MT853992,G,209,L,P
MT853992,G,230,L,Q
MT853992,G,236,P,S
MT853992,G,240,P,L
MT853992,G,254,_,E
MT853992,G,257,Y,C
MT853992,G,268,S,T
MT853992,G,272,W,R
MT853992,G,278,L,P
MT853992,G,284,Q,_
MT853992,G,286,L,H
MT853992,G,287,L,H
MT853992,G,290,L,I
MT853992,G,296,H,Y
MT853993,G,105,L,P
MT853993,G,110,V,G
MT853993,G,111,P,S
MT853993,G,112,L,P
MT853993,G,114,R,W
MT853993,G,115,L,P
MT853993,G,120,K,N
MT853993,G,121,S,P
MT853993,G,128,Q,_
MT853993,G,136,C,H
MT853993,G,143,P,S
MT853993,G,149,L,P
MT853993,G,151,H,Y
MT853993,G,152,N,Y
MT853993,G,153,P,L
MT853993,G,155,S,N
MT853993,G,163,T,I
MT853993,G,166,Q,K
MT853993,G,167,A,T
MT853993,G,170,I,T
MT853993,G,179,T,I
MT853993,G,194,L,P
MT853993,G,197,K,R
MT853993,G,204,Q,L
MT853993,G,209,L,P
MT853993,G,230,L,Q
MT853993,G,236,P,S
MT853993,G,240,P,L
MT853993,G,254,_,V
MT853993,G,257,Y,C
MT853993,G,268,S,T
MT853993,G,272,W,R
MT853993,G,278,L,P
MT853993,G,284,Q,_
MT853993,G,286,L,Y
MT853993,G,287,L,H
MT853993,G,290,L,I
MT853993,G,296,H,Y
MT853994,G,105,L,P
MT853994,G,110,V,A
MT853994,G,111,P,S
MT853994,G,112,L,P
MT853994,G,114,R,C
MT853994,G,115,L,P
MT853994,G,117,L,P
MT853994,G,120,K,N
MT853994,G,121,S,P
MT853994,G,128,Q,_
MT853994,G,136,C,H
MT853994,G,143,P,S
MT853994,G,149,L,P
MT853994,G,151,H,Y
MT853994,G,152,N,Y
MT853994,G,153,P,L
MT853994,G,155,S,N
MT853994,G,163,T,I
MT853994,G,166,Q,K
MT853994,G,167,A,T
MT853994,G,170,I,T
MT853994,G,179,T,I
MT853994,G,194,L,P
MT853994,G,197,K,R
MT853994,G,204,Q,L
MT853994,G,209,L,P
MT853994,G,230,L,Q
MT853994,G,236,P,S
MT853994,G,240,P,L
MT853994,G,254,_,E
MT853994,G,257,Y,C
MT853994,G,268,S,T
MT853994,G,272,W,R
MT853994,G,278,L,P
MT853994,G,284,Q,_
MT853994,G,286,L,H
MT853994,G,287,L,H
MT853994,G,290,L,I
MT853994,G,296,H,Y
MT853995,G,105,L,P
MT853995,G,109,S,L
MT853995,G,110,V,A
MT853995,G,111,P,S
MT853995,G,112,L,P
MT853995,G,114,R,C
MT853995,G,115,L,P
MT853995,G,117,L,P
MT853995,G,120,K,N
MT853995,G,121,S,P
MT853995,G,131,E,V
MT853995,G,132,S,L
MT853995,G,136,C,H
MT853995,G,143,P,S
MT853995,G,149,L,P
MT853995,G,151,H,Y
MT853995,G,152,N,Y
MT853995,G,153,P,L
MT853995,G,155,S,N
MT853995,G,163,T,I
MT853995,G,166,Q,K
MT853995,G,167,A,T
MT853995,G,170,I,T
MT853995,G,179,T,I
MT853995,G,194,L,P
MT853995,G,197,K,R
MT853995,G,204,Q,L
MT853995,G,209,L,P
MT853995,G,230,L,Q
MT853995,G,236,P,S
MT853995,G,240,P,L
MT853995,G,254,_,E
MT853995,G,257,Y,C
MT853995,G,268,S,T
MT853995,G,272,W,R
MT853995,G,278,L,P
MT853995,G,284,Q,_
MT853995,G,286,L,H
MT853995,G,287,L,H
MT853995,G,290,L,I
MT853995,G,296,H,Y
MT853996,G,105,L,P
MT853996,G,110,V,A
MT853996,G,111,P,S
MT853996,G,112,L,P
MT853996,G,114,R,C
MT853996,G,115,L,P
MT853996,G,120,K,N
MT853996,G,121,S,P
MT853996,G,128,Q,_
MT853996,G,136,C,H
MT853996,G,142,R,S
MT853996,G,143,P,S
MT853996,G,149,L,P
MT853996,G,151,H,Y
MT853996,G,152,N,Y
MT853996,G,153,P,L
MT853996,G,155,S,N
MT853996,G,158,Q,H
MT853996,G,163,T,I
MT853996,G,166,Q,K
MT853996,G,167,A,T
MT853996,G,170,I,T
MT853996,G,179,T,I
MT853996,G,194,L,P
MT853996,G,197,K,R
MT853996,G,204,Q,L
MT853996,G,209,L,P
MT853996,G,230,L,Q
MT853996,G,236,P,S
MT853996,G,240,P,L
MT853996,G,254,_,E
MT853996,G,257,Y,C
MT853996,G,268,S,T
MT853996,G,272,W,R
MT853996,G,278,L,P
MT853996,G,284,Q,_
MT853996,G,286,L,H
MT853996,G,287,L,H
MT853996,G,290,L,I
MT853996,G,296,H,Y
MT853996,G,299,L,I
MT853997,G,105,L,P
MT853997,G,110,V,A
MT853997,G,111,P,S
MT853997,G,112,L,P
MT853997,G,114,R,C
MT853997,G,115,L,P
MT853997,G,117,L,P
MT853997,G,120,K,N
MT853997,G,121,S,P
MT853997,G,128,Q,_
MT853997,G,136,C,H
MT853997,G,143,P,S
MT853997,G,149,L,P
MT853997,G,151,H,Y
MT853997,G,152,N,Y
MT853997,G,153,P,L
MT853997,G,155,S,N
MT853997,G,163,T,I
MT853997,G,166,Q,K
MT853997,G,167,A,T
MT853997,G,170,I,T
MT853997,G,179,T,I
MT853997,G,194,L,P
MT853997,G,197,K,R
MT853997,G,204,Q,L
MT853997,G,209,L,P
MT853997,G,230,L,Q
MT853997,G,236,P,S
MT853997,G,240,P,L
MT853997,G,254,_,E
MT853997,G,257,Y,C
MT853997,G,268,S,T
MT853997,G,272,W,R
MT853997,G,278,L,P
MT853997,G,284,Q,_
MT853997,G,286,L,H
MT853997,G,287,L,H
MT853997,G,290,L,I
MT853997,G,296,H,Y
MT853998,G,105,L,P
MT853998,G,110,V,A
MT853998,G,111,P,S
MT853998,G,112,L,P
MT853998,G,114,R,C
MT853998,G,115,L,P
MT853998,G,120,K,N
MT853998,G,121,S,P
MT853998,G,128,Q,_
MT853998,G,136,C,H
MT853998,G,143,P,S
MT853998,G,149,L,P
MT853998,G,151,H,Y
MT853998,G,152,N,Y
MT853998,G,153,P,L
MT853998,G,155,S,N
MT853998,G,163,T,I
MT853998,G,166,Q,K
MT853998,G,167,A,T
MT853998,G,170,I,T
MT853998,G,179,T,I
MT853998,G,194,L,P
MT853998,G,197,K,R
MT853998,G,204,Q,L
MT853998,G,209,L,P
MT853998,G,230,L,Q
MT853998,G,236,P,S
MT853998,G,240,P,L
MT853998,G,254,_,V
MT853998,G,257,Y,C
MT853998,G,262,P,L
MT853998,G,264,E,G
MT853998,G,268,S,T
MT853998,G,272,W,R
MT853998,G,278,L,P
MT853998,G,284,Q,_
MT853998,G,286,L,Y
MT853998,G,287,L,H
MT853998,G,290,L,I
MT853998,G,296,H,Y
MT853999,G,143,P,S
MT853999,G,149,L,P
MT853999,G,151,H,Y
MT853999,G,152,N,Y
MT853999,G,153,P,L
MT853999,G,155,S,N
MT853999,G,163,T,I
MT853999,G,166,Q,K
MT853999,G,167,A,T
MT853999,G,170,I,T
MT853999,G,179,T,I
MT853999,G,194,L,P
MT853999,G,197,K,R
MT853999,G,204,Q,L
MT853999,G,209,L,P
MT853999,G,230,L,Q
MT853999,G,236,P,S
MT853999,G,240,P,L
MT853999,G,254,_,V
MT853999,G,257,Y,C
MT853999,G,268,S,T
MT853999,G,272,W,R
MT853999,G,278,L,P
MT853999,G,284,Q,_
MT853999,G,286,L,Y
MT853999,G,287,L,H
MT853999,G,290,L,I
MT853999,G,296,H,Y
MT854000,G,105,L,P
MT854000,G,109,S,L
MT854000,G,110,V,A
MT854000,G,111,P,S
MT854000,G,112,L,P
MT854000,G,114,R,C
MT854000,G,115,L,P
MT854000,G,117,L,P
MT854000,G,120,K,N
MT854000,G,121,S,P
MT854000,G,131,E,V
MT854000,G,132,S,L
MT854000,G,136,C,H
MT854000,G,143,P,S
MT854000,G,149,L,P
MT854000,G,151,H,Y
MT854000,G,152,N,Y
MT854000,G,153,P,L
MT854000,G,155,S,N
MT854000,G,163,T,I
MT854000,G,166,Q,K
MT854000,G,167,A,T
MT854000,G,170,I,T
MT854000,G,179,T,I
MT854000,G,194,L,P
MT854000,G,197,K,R
MT854000,G,204,Q,L
MT854000,G,209,L,P
MT854000,G,230,L,Q
MT854000,G,236,P,S
MT854000,G,240,P,L
MT854000,G,254,_,E
MT854000,G,257,Y,C
MT854000,G,268,S,T
MT854000,G,272,W,R
MT854000,G,278,L,P
MT854000,G,284,Q,_
MT854000,G,286,L,H
MT854000,G,287,L,H
MT854000,G,290,L,I
MT854000,G,296,H,Y
MT854001,G,105,L,P
MT854001,G,111,P,S
MT854001,G,112,L,P
MT854001,G,114,R,C
MT854001,G,115,L,P
MT854001,G,120,K,N
MT854001,G,121,S,P
MT854001,G,128,Q,_
MT854001,G,136,C,H
MT854001,G,143,P,S
MT854001,G,144,K,N
MT854001,G,149,L,P
MT854001,G,151,H,Y
MT854001,G,152,N,Y
MT854001,G,153,P,L
MT854001,G,155,S,N
MT854001,G,163,T,I
MT854001,G,166,Q,K
MT854001,G,167,A,T
MT854001,G,170,I,T
MT854001,G,179,T,I
MT854001,G,194,L,P
MT854001,G,197,K,R
MT854001,G,204,Q,L
MT854001,G,209,L,P
MT854001,G,230,L,Q
MT854001,G,236,P,S
MT854001,G,240,P,L
MT854001,G,243,S,N
MT854001,G,254,_,E
MT854001,G,257,Y,C
MT854001,G,268,S,T
MT854001,G,272,W,R
MT854001,G,278,L,P
MT854001,G,284,Q,_
MT854001,G,286,L,H
MT854001,G,287,L,H
MT854001,G,290,L,I
MT854001,G,296,H,Y
MT854002,G,105,L,P
MT854002,G,110,V,A
MT854002,G,111,P,S
MT854002,G,112,L,P
MT854002,G,114,R,C
MT854002,G,115,L,P
MT854002,G,117,L,P
MT854002,G,120,K,N
MT854002,G,121,S,P
MT854002,G,128,Q,_
MT854002,G,136,C,H
MT854002,G,143,P,S
MT854002,G,149,L,P
MT854002,G,151,H,Y
MT854002,G,152,N,Y
MT854002,G,153,P,L
MT854002,G,155,S,N
MT854002,G,163,T,I
MT854002,G,166,Q,K
MT854002,G,167,A,T
MT854002,G,170,I,T
MT854002,G,179,T,I
MT854002,G,194,L,P
MT854002,G,197,K,R
MT854002,G,204,Q,L
MT854002,G,209,L,P
MT854002,G,230,L,Q
MT854002,G,236,P,S
MT854002,G,240,P,L
MT854002,G,254,_,E
MT854002,G,257,Y,C
MT854002,G,268,S,T
MT854002,G,272,W,R
MT854002,G,278,L,P
MT854002,G,284,Q,_
MT854002,G,286,L,H
MT854002,G,287,L,H
MT854002,G,290,L,I
MT854002,G,296,H,Y
MT854003,G,105,L,P
MT854003,G,110,V,A
MT854003,G,111,P,S
MT854003,G,112,L,P
MT854003,G,114,R,C
MT854003,G,115,L,P
MT854003,G,117,L,P
MT854003,G,120,K,N
MT854003,G,121,S,P
MT854003,G,128,Q,_
MT854003,G,136,C,H
MT854003,G,143,P,S
MT854003,G,149,L,P
MT854003,G,151,H,Y
MT854003,G,152,N,Y
MT854003,G,153,P,L
MT854003,G,155,S,N
MT854003,G,163,T,I
MT854003,G,166,Q,K
MT854003,G,167,A,T
MT854003,G,170,I,T
MT854003,G,179,T,I
MT854003,G,194,L,P
MT854003,G,197,K,R
MT854003,G,204,Q,L
MT854003,G,209,L,P
MT854003,G,230,L,Q
MT854003,G,236,P,S
MT854003,G,240,P,L
MT854003,G,254,_,E
MT854003,G,257,Y,C
MT854003,G,268,S,T
MT854003,G,272,W,R
MT854003,G,278,L,P
MT854003,G,284,Q,_
MT854003,G,286,L,H
MT854003,G,287,L,H
MT854003,G,290,L,I
MT854003,G,296,H,Y
MT854004,G,105,L,P
MT854004,G,110,V,A
MT854004,G,111,P,S
MT854004,G,112,L,P
MT854004,G,114,R,C
MT854004,G,115,L,P
MT854004,G,120,K,N
MT854004,G,121,S,P
MT854004,G,128,Q,_
MT854004,G,136,C,H
MT854004,G,143,P,S
MT854004,G,149,L,P
MT854004,G,151,H,Y
MT854004,G,152,N,Y
MT854004,G,153,P,L
MT854004,G,155,S,N
MT854004,G,163,T,I
MT854004,G,166,Q,K
MT854004,G,167,A,T
MT854004,G,170,I,T
MT854004,G,179,T,I
MT854004,G,194,L,P
MT854004,G,197,K,R
MT854004,G,204,Q,L
MT854004,G,209,L,P
MT854004,G,230,L,Q
MT854004,G,236,P,S
MT854004,G,240,P,L
MT854004,G,254,_,V
MT854004,G,257,Y,C
MT854004,G,268,S,T
MT854004,G,272,W,R
MT854004,G,275,S,F
MT854004,G,278,L,P
MT854004,G,284,Q,_
MT854004,G,286,L,Y
MT854004,G,287,L,H
MT854004,G,290,L,I
MT854004,G,296,H,Y
MT854005,G,105,L,P
MT854005,G,110,V,A
MT854005,G,111,P,S
MT854005,G,112,L,P
MT854005,G,114,R,C
MT854005,G,115,L,P
MT854005,G,117,L,P
MT854005,G,120,K,N
MT854005,G,121,S,P
MT854005,G,128,Q,_
MT854005,G,131,E,V
MT854005,G,132,S,P
MT854005,G,136,C,H
MT854005,G,143,P,S
MT854005,G,149,L,P
MT854005,G,152,N,Y
MT854005,G,153,P,L
MT854005,G,155,S,N
MT854005,G,163,T,I
MT854005,G,166,Q,K
MT854005,G,167,A,T
MT854005,G,170,I,T
MT854005,G,179,T,I
MT854005,G,194,L,P
MT854005,G,197,K,R
MT854005,G,204,Q,L
MT854005,G,209,L,P
MT854005,G,230,L,Q
MT854005,G,236,P,S
MT854005,G,240,P,L
MT854005,G,254,_,E
MT854005,G,257,Y,C
MT854005,G,268,S,T
MT854005,G,272,W,R
MT854005,G,278,L,P
MT854005,G,284,Q,_
MT854005,G,286,L,H
MT854005,G,287,L,H
MT854005,G,290,L,I
MT854005,G,296,H,Y
MT854006,G,105,L,P
MT854006,G,110,V,A
MT854006,G,111,P,S
MT854006,G,112,L,P
MT854006,G,114,R,C
MT854006,G,115,L,P
MT854006,G,120,K,N
MT854006,G,121,S,P
MT854006,G,128,Q,_
MT854006,G,136,C,H
MT854006,G,143,P,S
MT854006,G,149,L,P
MT854006,G,151,H,Y
MT854006,G,152,N,Y
MT854006,G,153,P,L
MT854006,G,155,S,N
MT854006,G,163,T,I
MT854006,G,166,Q,K
MT854006,G,167,A,T
MT854006,G,170,I,T
MT854006,G,179,T,I
MT854006,G,194,L,P
MT854006,G,197,K,R
MT854006,G,204,Q,L
MT854006,G,209,L,P
MT854006,G,230,L,Q
MT854006,G,236,P,S
MT854006,G,254,_,V
MT854006,G,257,Y,C
MT854006,G,268,S,T
MT854006,G,272,W,R
MT854006,G,278,L,P
MT854006,G,284,Q,_
MT854006,G,286,L,Y
MT854006,G,287,L,H
MT854006,G,290,L,I
MT854006,G,296,H,Y
MT854007,G,105,L,P
MT854007,G,110,V,A
MT854007,G,111,P,S
MT854007,G,112,L,P
MT854007,G,114,R,C
MT854007,G,115,L,P
MT854007,G,120,K,N
MT854007,G,121,S,P
MT854007,G,128,Q,_
MT854007,G,136,C,H
MT854007,G,142,R,S
MT854007,G,143,P,S
MT854007,G,149,L,P
MT854007,G,151,H,Y
MT854007,G,152,N,Y
MT854007,G,153,P,L
MT854007,G,155,S,N
MT854007,G,163,T,I
MT854007,G,166,Q,K
MT854007,G,167,A,T
MT854007,G,170,I,T
MT854007,G,179,T,I
MT854007,G,194,L,P
MT854007,G,197,K,R
MT854007,G,204,Q,L
MT854007,G,209,L,P
MT854007,G,230,L,Q
MT854007,G,236,P,S
MT854007,G,240,P,L
MT854007,G,254,_,E
MT854007,G,257,Y,C
MT854007,G,268,S,T
MT854007,G,272,W,R
MT854007,G,278,L,P
MT854007,G,284,Q,_
MT854007,G,286,L,H
MT854007,G,287,L,H
MT854007,G,290,L,I
MT854007,G,296,H,Y
MT854007,G,299,L,I
MT854008,G,105,L,P
MT854008,G,110,V,A
MT854008,G,111,P,S
MT854008,G,112,L,P
MT854008,G,114,R,C
MT854008,G,115,L,P
MT854008,G,120,K,N
MT854008,G,121,S,P
MT854008,G,128,Q,_
MT854008,G,136,C,H
MT854008,G,143,P,S
MT854008,G,149,L,P
MT854008,G,151,H,Y
MT854008,G,152,N,Y
MT854008,G,153,P,L
MT854008,G,155,S,N
MT854008,G,163,T,I
MT854008,G,166,Q,K
MT854008,G,167,A,T
MT854008,G,170,I,T
MT854008,G,179,T,I
MT854008,G,194,L,P
MT854008,G,197,K,R
MT854008,G,204,Q,L
MT854008,G,209,L,P
MT854008,G,230,L,Q
MT854008,G,236,P,S
MT854008,G,254,_,E
MT854008,G,257,Y,C
MT854008,G,268,S,T
MT854008,G,272,W,R
MT854008,G,278,L,P
MT854008,G,281,K,M
MT854008,G,286,L,H
MT854008,G,287,L,H
MT854008,G,290,L,I
MT854008,G,296,H,Y
MT854009,G,105,L,P
MT854009,G,110,V,A
MT854009,G,111,P,S
MT854009,G,112,L,P
MT854009,G,114,R,C
MT854009,G,115,L,P
MT854009,G,120,K,N
MT854009,G,121,S,P
MT854009,G,128,Q,_
MT854009,G,136,C,H
MT854009,G,139,Q,R
MT854009,G,143,P,S
MT854009,G,149,L,P
MT854009,G,151,H,Y
MT854009,G,152,N,Y
MT854009,G,153,P,L
MT854009,G,155,S,N
MT854009,G,163,T,I
MT854009,G,166,Q,K
MT854009,G,167,A,T
MT854009,G,170,I,T
MT854009,G,179,T,I
MT854009,G,194,L,P
MT854009,G,197,K,R
MT854009,G,204,Q,L
MT854009,G,209,L,P
MT854009,G,230,L,Q
MT854009,G,236,P,S
MT854009,G,240,P,L
MT854009,G,254,_,V
MT854009,G,257,Y,C
MT854009,G,268,S,T
MT854009,G,272,W,R
MT854009,G,278,L,P
MT854009,G,284,Q,_
MT854009,G,286,L,Y
MT854009,G,287,L,H
MT854009,G,290,L,I
MT854009,G,296,H,Y
MT854010,G,105,L,P
MT854010,G,110,V,A
MT854010,G,111,P,S
MT854010,G,112,L,P
MT854010,G,114,R,C
MT854010,G,115,L,P
MT854010,G,120,K,N
MT854010,G,121,S,P
MT854010,G,128,Q,_
MT854010,G,136,C,H
MT854010,G,143,P,S
MT854010,G,149,L,P
MT854010,G,151,H,Y
MT854010,G,152,N,Y
MT854010,G,153,P,L
MT854010,G,155,S,N
MT854010,G,163,T,I
MT854010,G,166,Q,K
MT854010,G,167,A,T
MT854010,G,170,I,T
MT854010,G,179,T,I
MT854010,G,194,L,P
MT854010,G,197,K,R
MT854010,G,204,Q,L
MT854010,G,209,L,P
MT854010,G,221,P,S
MT854010,G,230,L,Q
MT854010,G,236,P,S
MT854010,G,240,P,L
MT854010,G,254,_,V
MT854010,G,257,Y,C
MT854010,G,268,S,T
MT854010,G,272,W,R
MT854010,G,278,L,P
MT854010,G,286,L,Y
MT854010,G,287,L,H
MT854010,G,290,L,I
MT854010,G,296,H,Y
MT854011,G,105,L,P
MT854011,G,110,V,A
MT854011,G,111,P,S
MT854011,G,112,L,P
MT854011,G,114,R,C
MT854011,G,115,L,P
MT854011,G,120,K,N
MT854011,G,121,S,P
MT854011,G,128,Q,_
MT854011,G,136,C,H
MT854011,G,143,P,S
MT854011,G,149,L,P
MT854011,G,151,H,Y
MT854011,G,152,N,Y
MT854011,G,153,P,L
MT854011,G,155,S,N
MT854011,G,163,T,I
MT854011,G,166,Q,K
MT854011,G,167,A,T
MT854011,G,170,I,T
MT854011,G,179,T,I
MT854011,G,194,L,P
MT854011,G,197,K,R
MT854011,G,204,Q,L
MT854011,G,205,E,K
MT854011,G,209,L,P
MT854011,G,230,L,Q
MT854011,G,236,P,S
MT854011,G,240,P,L
MT854011,G,254,_,V
MT854011,G,257,Y,C
MT854011,G,268,S,T
MT854011,G,272,W,R
MT854011,G,275,S,T
MT854011,G,278,L,P
MT854011,G,284,Q,_
MT854011,G,286,L,Y
MT854011,G,287,L,H
MT854011,G,290,L,I
MT854011,G,296,H,Y
MT854012,G,105,L,P
MT854012,G,110,V,A
MT854012,G,111,P,S
MT854012,G,112,L,P
MT854012,G,114,R,C
MT854012,G,115,L,P
MT854012,G,120,K,N
MT854012,G,121,S,P
MT854012,G,128,Q,_
MT854012,G,136,C,H
MT854012,G,143,P,S
MT854012,G,149,L,P
MT854012,G,151,H,Y
MT854012,G,152,N,Y
MT854012,G,153,P,L
MT854012,G,155,S,N
MT854012,G,163,T,I
MT854012,G,166,Q,K
MT854012,G,167,A,T
MT854012,G,170,I,T
MT854012,G,179,T,I
MT854012,G,194,L,P
MT854012,G,197,K,R
MT854012,G,204,Q,L
MT854012,G,209,L,P
MT854012,G,230,L,Q
MT854012,G,236,P,S
MT854012,G,240,P,L
MT854012,G,254,_,E
MT854012,G,257,Y,C
MT854012,G,268,S,T
MT854012,G,272,W,R
MT854012,G,278,L,P
MT854012,G,286,L,H
MT854012,G,287,L,H
MT854012,G,290,L,I
MT854012,G,296,H,Y
MT854013,G,105,L,P
MT854013,G,110,V,A
MT854013,G,111,P,S
MT854013,G,112,L,P
MT854013,G,114,R,C
MT854013,G,115,L,P
MT854013,G,120,K,N
MT854013,G,121,S,P
MT854013,G,128,Q,_
MT854013,G,136,C,H
MT854013,G,143,P,S
MT854013,G,149,L,P
MT854013,G,151,H,Y
MT854013,G,152,N,Y
MT854013,G,153,P,L
MT854013,G,155,S,N
MT854013,G,163,T,I
MT854013,G,166,Q,K
MT854013,G,167,A,T
MT854013,G,170,I,T
MT854013,G,179,T,I
MT854013,G,194,L,P
MT854013,G,197,K,R
MT854013,G,204,Q,L
MT854013,G,209,L,P
MT854013,G,230,L,Q
MT854013,G,236,P,S
MT854013,G,240,P,L
MT854013,G,249,P,Q
MT854013,G,254,_,V
MT854013,G,257,Y,C
MT854013,G,268,S,T
MT854013,G,272,W,R
MT854013,G,278,L,P
MT854013,G,284,Q,_
MT854013,G,286,L,Y
MT854013,G,287,L,H
MT854013,G,290,L,I
MT854013,G,296,H,Y
MT854014,G,105,L,P
MT854014,G,110,V,A
MT854014,G,111,P,S
MT854014,G,112,L,P
MT854014,G,114,R,C
MT854014,G,115,L,P
MT854014,G,120,K,N
MT854014,G,121,S,P
MT854014,G,128,Q,_
MT854014,G,136,C,H
MT854014,G,143,P,S
MT854014,G,149,L,P
MT854014,G,151,H,Y
MT854014,G,152,N,Y
MT854014,G,153,P,L
MT854014,G,155,S,N
MT854014,G,163,T,I
MT854014,G,166,Q,K
MT854014,G,167,A,T
MT854014,G,170,I,T
MT854014,G,179,T,I
MT854014,G,194,L,P
MT854014,G,197,K,R
MT854014,G,204,Q,L
MT854014,G,209,L,P
MT854014,G,230,L,Q
MT854014,G,236,P,S
MT854014,G,240,P,L
MT854014,G,254,_,V
MT854014,G,257,Y,C
MT854014,G,268,S,T
MT854014,G,272,W,R
MT854014,G,278,L,P
MT854014,G,284,Q,_
MT854014,G,286,L,Y
MT854014,G,287,L,H
MT854014,G,290,L,I
MT854014,G,296,H,Y
MT854015,G,105,L,P
MT854015,G,110,V,A
MT854015,G,111,P,S
MT854015,G,112,L,P
MT854015,G,114,R,C
MT854015,G,115,L,P
MT854015,G,117,L,P
MT854015,G,120,K,N
MT854015,G,121,S,P
MT854015,G,128,Q,_
MT854015,G,136,C,H
MT854015,G,143,P,S
MT854015,G,149,L,P
MT854015,G,151,H,Y
MT854015,G,152,N,Y
MT854015,G,153,P,L
MT854015,G,155,S,N
MT854015,G,163,T,I
MT854015,G,166,Q,K
MT854015,G,167,A,T
MT854015,G,170,I,T
MT854015,G,179,T,I
MT854015,G,194,L,P
MT854015,G,197,K,R
MT854015,G,204,Q,L
MT854015,G,209,L,P
MT854015,G,220,Q,_
MT854015,G,230,L,Q
MT854015,G,236,P,S
MT854015,G,240,P,L
MT854015,G,254,_,E
MT854015,G,257,Y,C
MT854015,G,268,S,T
MT854015,G,272,W,R
MT854015,G,278,L,P
MT854015,G,284,Q,_
MT854015,G,286,L,H
MT854015,G,287,L,H
MT854015,G,290,L,I
MT854015,G,296,H,Y
MT854016,G,105,L,P
MT854016,G,110,V,A
MT854016,G,111,P,S
MT854016,G,112,L,P
MT854016,G,114,R,C
MT854016,G,115,L,P
MT854016,G,120,K,N
MT854016,G,121,S,P
MT854016,G,128,Q,_
MT854016,G,136,C,H
MT854016,G,143,P,S
MT854016,G,149,L,P
MT854016,G,151,H,Y
MT854016,G,152,N,Y
MT854016,G,153,P,L
MT854016,G,155,S,N
MT854016,G,163,T,I
MT854016,G,166,Q,K
MT854016,G,167,A,T
MT854016,G,170,I,T
MT854016,G,179,T,I
MT854016,G,194,L,P
MT854016,G,197,K,R
MT854016,G,204,Q,L
MT854016,G,209,L,P
MT854016,G,230,L,Q
MT854016,G,236,P,S
MT854016,G,240,P,L
MT854016,G,254,_,V
MT854016,G,257,Y,C
MT854016,G,263,Q,R
MT854016,G,268,S,T
MT854016,G,272,W,R
MT854016,G,278,L,P
MT854016,G,284,Q,_
MT854016,G,286,L,Y
MT854016,G,287,L,H
MT854016,G,290,L,I
MT854016,G,296,H,Y
MT854017,G,105,L,P
MT854017,G,110,V,A
MT854017,G,111,P,S
MT854017,G,112,L,P
MT854017,G,114,R,C
MT854017,G,115,L,P
MT854017,G,120,K,N
MT854017,G,121,S,P
MT854017,G,128,Q,_
MT854017,G,136,C,H
MT854017,G,143,P,S
MT854017,G,149,L,P
MT854017,G,151,H,Y
MT854017,G,152,N,Y
MT854017,G,153,P,L
MT854017,G,155,S,N
MT854017,G,163,T,I
MT854017,G,166,Q,K
MT854017,G,167,A,T
MT854017,G,170,I,T
MT854017,G,179,T,I
MT854017,G,194,L,P
MT854017,G,197,K,R
MT854017,G,204,Q,L
MT854017,G,209,L,P
MT854017,G,230,L,Q
MT854017,G,236,P,S
MT854017,G,240,P,L
MT854017,G,254,_,V
MT854017,G,257,Y,C
MT854017,G,268,S,T
MT854017,G,272,W,R
MT854017,G,278,L,P
MT854017,G,284,Q,_
MT854017,G,286,L,Y
MT854017,G,287,L,H
MT854017,G,290,L,I
MT854017,G,296,H,Y
MT854018,G,105,L,P
MT854018,G,110,V,A
MT854018,G,111,P,S
MT854018,G,112,L,P
MT854018,G,114,R,C
MT854018,G,115,L,P
MT854018,G,120,K,N
MT854018,G,121,S,P
MT854018,G,128,Q,_
MT854018,G,136,C,H
MT854018,G,143,P,S
MT854018,G,149,L,P
MT854018,G,151,H,Y
MT854018,G,152,N,Y
MT854018,G,153,P,L
MT854018,G,155,S,N
MT854018,G,163,T,I
MT854018,G,166,Q,K
MT854018,G,167,A,T
MT854018,G,170,I,T
MT854018,G,179,T,I
MT854018,G,194,L,P
MT854018,G,197,K,R
MT854018,G,204,Q,L
MT854018,G,209,L,P
MT854018,G,230,L,Q
MT854018,G,236,P,S
MT854018,G,240,P,L
MT854018,G,254,_,V
MT854018,G,257,Y,C
MT854018,G,268,S,T
MT854018,G,272,W,R
MT854018,G,278,L,P
MT854018,G,284,Q,_
MT854018,G,286,L,Y
MT854018,G,287,L,H
MT854018,G,290,L,I
MT854018,G,296,H,Y
MT854019,G,105,L,P
MT854019,G,110,V,A
MT854019,G,111,P,S
MT854019,G,112,L,P
MT854019,G,114,R,C
MT854019,G,115,L,P
MT854019,G,117,L,P
MT854019,G,120,K,N
MT854019,G,121,S,P
MT854019,G,128,Q,_
MT854019,G,136,C,H
MT854019,G,143,P,S
MT854019,G,149,L,P
MT854019,G,151,H,Y
MT854019,G,152,N,Y
MT854019,G,153,P,L
MT854019,G,155,S,N
MT854019,G,163,T,I
MT854019,G,166,Q,K
MT854019,G,167,A,T
MT854019,G,170,I,T
MT854019,G,179,T,I
MT854019,G,194,L,P
MT854019,G,197,K,R
MT854019,G,204,Q,L
MT854019,G,209,L,P
MT854019,G,230,L,Q
MT854019,G,236,P,S
MT854019,G,240,P,L
MT854019,G,254,_,E
MT854019,G,257,Y,R
MT854019,G,268,S,T
MT854019,G,272,W,R
MT854019,G,278,L,P
MT854019,G,284,Q,_
MT854019,G,286,L,H
MT854019,G,287,L,H
MT854019,G,288,K,_
MT854019,G,290,L,I
MT854019,G,296,H,Y
MT854020,G,105,L,P
MT854020,G,110,V,A
MT854020,G,111,P,S
MT854020,G,112,L,P
MT854020,G,114,R,C
MT854020,G,115,L,P
MT854020,G,120,K,N
MT854020,G,121,S,P
MT854020,G,128,Q,_
MT854020,G,136,C,H
MT854020,G,143,P,S
MT854020,G,149,L,P
MT854020,G,151,H,Y
MT854020,G,152,N,Y
MT854020,G,153,P,L
MT854020,G,155,S,N
MT854020,G,163,T,I
MT854020,G,166,Q,K
MT854020,G,167,A,T
MT854020,G,170,I,T
MT854020,G,179,T,I
MT854020,G,194,L,P
MT854020,G,197,K,R
MT854020,G,204,Q,L
MT854020,G,209,L,P
MT854020,G,230,L,Q
MT854020,G,236,P,S
MT854020,G,240,P,L
MT854020,G,254,_,V
MT854020,G,257,Y,C
MT854020,G,263,Q,R
MT854020,G,268,S,T
MT854020,G,272,W,R
MT854020,G,278,L,P
MT854020,G,284,Q,_
MT854020,G,286,L,Y
MT854020,G,287,L,H
MT854020,G,290,L,I
MT854020,G,296,H,Y
MT854021,G,105,L,P
MT854021,G,110,V,A
MT854021,G,111,P,S
MT854021,G,112,L,P
MT854021,G,114,R,C
MT854021,G,115,L,P
MT854021,G,116,K,E
MT854021,G,120,K,N
MT854021,G,121,S,P
MT854021,G,128,Q,_
MT854021,G,136,C,H
MT854021,G,143,P,S
MT854021,G,149,L,P
MT854021,G,151,H,Y
MT854021,G,152,N,Y
MT854021,G,153,P,L
MT854021,G,155,S,N
MT854021,G,163,T,I
MT854021,G,166,Q,K
MT854021,G,167,A,T
MT854021,G,170,I,T
MT854021,G,179,T,I
MT854021,G,194,L,P
MT854021,G,197,K,R
MT854021,G,204,Q,L
MT854021,G,209,L,P
MT854021,G,230,L,Q
MT854021,G,236,P,S
MT854021,G,240,P,L
MT854021,G,243,S,R
MT854021,G,254,_,E
MT854021,G,257,Y,C
MT854021,G,268,S,T
MT854021,G,272,W,R
MT854021,G,278,L,P
MT854021,G,284,Q,_
MT854021,G,286,L,H
MT854021,G,287,L,H
MT854021,G,290,L,I
MT854021,G,296,H,Y
MT854022,G,105,L,P
MT854022,G,110,V,A
MT854022,G,111,P,S
MT854022,G,112,L,P
MT854022,G,114,R,C
MT854022,G,115,L,P
MT854022,G,116,K,E
MT854022,G,120,K,N
MT854022,G,121,S,P
MT854022,G,125,_,Q
MT854022,G,136,C,H
MT854022,G,143,P,S
MT854022,G,149,L,P
MT854022,G,151,H,Y
MT854022,G,153,P,L
MT854022,G,155,S,N
MT854022,G,163,T,I
MT854022,G,166,Q,K
MT854022,G,167,A,T
MT854022,G,170,I,T
MT854022,G,179,T,I
MT854022,G,183,A,V
MT854022,G,194,L,P
MT854022,G,197,K,R
MT854022,G,204,Q,L
MT854022,G,209,L,P
MT854022,G,230,L,Q
MT854022,G,236,P,S
MT854022,G,254,_,E
MT854022,G,257,Y,C
MT854022,G,268,S,T
MT854022,G,272,W,R
MT854022,G,278,L,P
MT854022,G,284,Q,_
MT854022,G,286,L,H
MT854022,G,287,L,H
MT854022,G,290,L,I
MT854022,G,292,H,P
MT854022,G,296,H,Y
MT854022,G,298,N,T
MT854023,G,105,L,P
MT854023,G,110,V,A
MT854023,G,111,P,S
MT854023,G,112,L,P
MT854023,G,115,L,P
MT854023,G,116,K,E
MT854023,G,120,K,N
MT854023,G,121,S,P
MT854023,G,131,E,V
MT854023,G,132,S,L
MT854023,G,136,C,H
MT854023,G,143,P,S
MT854023,G,149,L,P
MT854023,G,151,H,Y
MT854023,G,155,S,N
MT854023,G,166,Q,K
MT854023,G,167,A,T
MT854023,G,170,I,T
MT854023,G,178,S,L
MT854023,G,179,T,I
MT854023,G,194,L,P
MT854023,G,197,K,R
MT854023,G,204,Q,L
MT854023,G,209,L,P
MT854023,G,221,P,S
MT854023,G,230,L,Q
MT854023,G,236,P,S
MT854023,G,254,_,E
MT854023,G,268,S,T
MT854023,G,272,W,R
MT854023,G,278,L,P
MT854023,G,284,Q,_
MT854023,G,286,L,H
MT854023,G,287,L,H
MT854023,G,290,L,I
MT854023,G,296,H,Y
MT854024,G,105,L,P
MT854024,G,110,V,A
MT854024,G,111,P,S
MT854024,G,112,L,P
MT854024,G,114,R,C
MT854024,G,115,L,P
MT854024,G,116,K,E
MT854024,G,120,K,N
MT854024,G,121,S,P
MT854024,G,125,_,Q
MT854024,G,136,C,H
MT854024,G,143,P,S
MT854024,G,149,L,P
MT854024,G,151,H,Y
MT854024,G,153,P,L
MT854024,G,155,S,N
MT854024,G,163,T,I
MT854024,G,166,Q,K
MT854024,G,167,A,T
MT854024,G,170,I,T
MT854024,G,179,T,I
MT854024,G,183,A,V
MT854024,G,194,L,P
MT854024,G,197,K,R
MT854024,G,204,Q,L
MT854024,G,209,L,P
MT854024,G,230,L,Q
MT854024,G,236,P,S
MT854024,G,254,_,E
MT854024,G,257,Y,C
MT854024,G,268,S,T
MT854024,G,272,W,R
MT854024,G,278,L,P
MT854024,G,284,Q,_
MT854024,G,286,L,H
MT854024,G,287,L,H
MT854024,G,290,L,I
MT854024,G,296,H,Y
MT854025,G,105,L,P
MT854025,G,110,V,A
MT854025,G,111,P,S
MT854025,G,112,L,P
MT854025,G,114,R,C
MT854025,G,115,L,P
MT854025,G,116,K,E
MT854025,G,120,K,N
MT854025,G,121,S,P
MT854025,G,125,_,Q
MT854025,G,136,C,H
MT854025,G,143,P,S
MT854025,G,149,L,P
MT854025,G,151,H,Y
MT854025,G,153,P,L
MT854025,G,155,S,N
MT854025,G,163,T,I
MT854025,G,166,Q,K
MT854025,G,167,A,T
MT854025,G,170,I,T
MT854025,G,179,T,I
MT854025,G,183,A,V
MT854025,G,194,L,P
MT854025,G,197,K,R
MT854025,G,204,Q,L
MT854025,G,209,L,P
MT854025,G,230,L,Q
MT854025,G,236,P,S
MT854025,G,254,_,E
MT854025,G,257,Y,C
MT854025,G,264,E,G
MT854025,G,268,S,T
MT854025,G,272,W,R
MT854025,G,278,L,P
MT854025,G,284,Q,_
MT854025,G,286,L,H
MT854025,G,287,L,H
MT854025,G,290,L,I
MT854025,G,296,H,Y
MT854026,G,105,L,P
MT854026,G,110,V,A
MT854026,G,111,P,S
MT854026,G,112,L,P
MT854026,G,114,R,C
MT854026,G,115,L,P
MT854026,G,116,K,E
MT854026,G,120,K,N
MT854026,G,121,S,P
MT854026,G,128,Q,_
MT854026,G,136,C,H
MT854026,G,143,P,S
MT854026,G,149,L,P
MT854026,G,151,H,Y
MT854026,G,152,N,Y
MT854026,G,153,P,L
MT854026,G,155,S,N
MT854026,G,163,T,I
MT854026,G,166,Q,K
MT854026,G,167,A,T
MT854026,G,170,I,T
MT854026,G,179,T,I
MT854026,G,194,L,P
MT854026,G,197,K,R
MT854026,G,204,Q,L
MT854026,G,209,L,P
MT854026,G,230,L,Q
MT854026,G,236,P,S
MT854026,G,240,P,L
MT854026,G,243,S,R
MT854026,G,254,_,E
MT854026,G,257,Y,C
MT854026,G,268,S,T
MT854026,G,272,W,R
MT854026,G,278,L,P
MT854026,G,284,Q,_
MT854026,G,286,L,H
MT854026,G,287,L,H
MT854026,G,290,L,I
MT854026,G,296,H,Y
MT854027,G,105,L,P
MT854027,G,110,V,A
MT854027,G,111,P,S
MT854027,G,112,L,P
MT854027,G,114,R,C
MT854027,G,115,L,P
MT854027,G,116,K,E
MT854027,G,120,K,N
MT854027,G,121,S,P
MT854027,G,131,E,V
MT854027,G,132,S,L
MT854027,G,136,C,H
MT854027,G,140,Q,_
MT854027,G,143,P,S
MT854027,G,149,L,P
MT854027,G,151,H,Y
MT854027,G,152,N,Y
MT854027,G,153,P,L
MT854027,G,155,S,N
MT854027,G,161,A,T
MT854027,G,163,T,I
MT854027,G,166,Q,K
MT854027,G,167,A,T
MT854027,G,170,I,T
MT854027,G,179,T,I
MT854027,G,194,L,P
MT854027,G,197,K,R
MT854027,G,201,T,I
MT854027,G,204,Q,L
MT854027,G,209,L,P
MT854027,G,230,L,Q
MT854027,G,236,P,S
MT854027,G,240,P,L
MT854027,G,254,_,E
MT854027,G,257,Y,C
MT854027,G,268,S,T
MT854027,G,272,W,R
MT854027,G,278,L,P
MT854027,G,286,L,H
MT854027,G,287,L,H
MT854027,G,290,L,I
MT854027,G,296,H,Y
MT854028,G,105,L,P
MT854028,G,110,V,A
MT854028,G,111,P,S
MT854028,G,112,L,P
MT854028,G,114,R,C
MT854028,G,115,L,P
MT854028,G,116,K,E
MT854028,G,120,K,N
MT854028,G,121,S,P
MT854028,G,125,_,Q
MT854028,G,136,C,H
MT854028,G,143,P,S
MT854028,G,149,L,P
MT854028,G,151,H,Y
MT854028,G,153,P,L
MT854028,G,155,S,N
MT854028,G,163,T,I
MT854028,G,166,Q,K
MT854028,G,167,A,T
MT854028,G,170,I,T
MT854028,G,179,T,I
MT854028,G,183,A,V
MT854028,G,194,L,P
MT854028,G,197,K,R
MT854028,G,204,Q,L
MT854028,G,209,L,P
MT854028,G,230,L,Q
MT854028,G,236,P,S
MT854028,G,254,_,E
MT854028,G,257,Y,C
MT854028,G,268,S,T
MT854028,G,272,W,R
MT854028,G,278,L,P
MT854028,G,284,Q,_
MT854028,G,286,L,H
MT854028,G,287,L,H
MT854028,G,290,L,I
MT854028,G,296,H,Y
MT854029,G,105,L,P
MT854029,G,110,V,A
MT854029,G,111,P,S
MT854029,G,112,L,P
MT854029,G,114,R,C
MT854029,G,115,L,P
MT854029,G,116,K,E
MT854029,G,120,K,N
MT854029,G,121,S,P
MT854029,G,125,_,Q
MT854029,G,136,C,H
MT854029,G,143,P,S
MT854029,G,149,L,P
MT854029,G,151,H,Y
MT854029,G,153,P,L
MT854029,G,155,S,N
MT854029,G,163,T,I
MT854029,G,166,Q,K
MT854029,G,167,A,T
MT854029,G,170,I,T
MT854029,G,179,T,I
MT854029,G,183,A,V
MT854029,G,194,L,P
MT854029,G,197,K,R
MT854029,G,204,Q,L
MT854029,G,209,L,P
MT854029,G,230,L,Q
MT854029,G,236,P,S
MT854029,G,254,_,E
MT854029,G,257,Y,C
MT854029,G,268,S,T
MT854029,G,272,W,R
MT854029,G,278,L,P
MT854029,G,284,Q,_
MT854029,G,286,L,H
MT854029,G,287,L,H
MT854029,G,290,L,I
MT854029,G,296,H,Y
MT854030,G,105,L,P
MT854030,G,110,V,A
MT854030,G,111,P,S
MT854030,G,112,L,P
MT854030,G,114,R,C
MT854030,G,115,L,P
MT854030,G,116,K,E
MT854030,G,120,K,N
MT854030,G,121,S,P
MT854030,G,125,_,Q
MT854030,G,136,C,H
MT854030,G,143,P,S
MT854030,G,149,L,P
MT854030,G,151,H,Y
MT854030,G,153,P,L
MT854030,G,155,S,N
MT854030,G,163,T,I
MT854030,G,166,Q,K
MT854030,G,167,A,T
MT854030,G,170,I,T
MT854030,G,179,T,I
MT854030,G,183,A,V
MT854030,G,194,L,P
MT854030,G,197,K,R
MT854030,G,204,Q,L
MT854030,G,209,L,P
MT854030,G,230,L,Q
MT854030,G,236,P,S
MT854030,G,254,_,E
MT854030,G,257,Y,C
MT854030,G,268,S,T
MT854030,G,272,W,R
MT854030,G,278,L,P
MT854030,G,284,Q,_
MT854030,G,286,L,H
MT854030,G,287,L,H
MT854030,G,290,L,I
MT854030,G,296,H,Y
MT854031,G,105,L,P
MT854031,G,110,V,A
MT854031,G,111,P,S
MT854031,G,112,L,P
MT854031,G,114,R,C
MT854031,G,115,L,P
MT854031,G,116,K,E
MT854031,G,120,K,N
MT854031,G,121,S,P
MT854031,G,125,_,Q
MT854031,G,136,C,H
MT854031,G,143,P,S
MT854031,G,149,L,P
MT854031,G,151,H,Y
MT854031,G,153,P,L
MT854031,G,155,S,N
MT854031,G,163,T,I
MT854031,G,166,Q,K
MT854031,G,167,A,T
MT854031,G,170,I,T
MT854031,G,176,K,R
MT854031,G,179,T,I
MT854031,G,183,A,V
MT854031,G,194,L,P
MT854031,G,197,K,R
MT854031,G,204,Q,L
MT854031,G,209,L,P
MT854031,G,230,L,Q
MT854031,G,236,P,S
MT854031,G,254,_,E
MT854031,G,257,Y,C
MT854031,G,268,S,T
MT854031,G,272,W,R
MT854031,G,278,L,P
MT854031,G,284,Q,_
MT854031,G,286,L,H
MT854031,G,287,L,H
MT854031,G,290,L,I
MT854031,G,296,H,Y
MT854032,G,105,L,P
MT854032,G,110,V,A
MT854032,G,111,P,S
MT854032,G,112,L,P
MT854032,G,114,R,C
MT854032,G,115,L,P
MT854032,G,116,K,E
MT854032,G,120,K,N
MT854032,G,121,S,P
MT854032,G,125,_,Q
MT854032,G,136,C,H
MT854032,G,143,P,S
MT854032,G,149,L,P
MT854032,G,151,H,Y
MT854032,G,153,P,L
MT854032,G,155,S,N
MT854032,G,163,T,I
MT854032,G,166,Q,K
MT854032,G,167,A,T
MT854032,G,170,I,T
MT854032,G,179,T,I
MT854032,G,183,A,V
MT854032,G,194,L,P
MT854032,G,197,K,R
MT854032,G,204,Q,L
MT854032,G,209,L,P
MT854032,G,230,L,Q
MT854032,G,236,P,S
MT854032,G,254,_,E
MT854032,G,257,Y,C
MT854032,G,268,S,T
MT854032,G,272,W,R
MT854032,G,278,L,P
MT854032,G,284,Q,_
MT854032,G,286,L,H
MT854032,G,287,L,H
MT854032,G,290,L,I
MT854032,G,296,H,Y
MT854033,G,105,L,P
MT854033,G,110,V,A
MT854033,G,111,P,S
MT854033,G,112,L,P
MT854033,G,114,R,C
MT854033,G,115,L,P
MT854033,G,116,K,E
MT854033,G,120,K,N
MT854033,G,121,S,P
MT854033,G,125,_,Q
MT854033,G,136,C,H
MT854033,G,143,P,S
MT854033,G,149,L,P
MT854033,G,151,H,Y
MT854033,G,153,P,L
MT854033,G,155,S,N
MT854033,G,163,T,I
MT854033,G,166,Q,K
MT854033,G,167,A,T
MT854033,G,170,I,T
MT854033,G,179,T,I
MT854033,G,183,A,V
MT854033,G,194,L,P
MT854033,G,197,K,R
MT854033,G,204,Q,L
MT854033,G,209,L,P
MT854033,G,230,L,Q
MT854033,G,236,P,S
MT854033,G,254,_,E
MT854033,G,257,Y,C
MT854033,G,268,S,T
MT854033,G,272,W,R
MT854033,G,278,L,P
MT854033,G,284,Q,_
MT854033,G,286,L,H
MT854033,G,287,L,H
MT854033,G,290,L,I
MT854033,G,296,H,Y
MT854034,G,105,L,P
MT854034,G,110,V,A
MT854034,G,111,P,S
MT854034,G,112,L,P
MT854034,G,114,R,C
MT854034,G,115,L,P
MT854034,G,116,K,E
MT854034,G,120,K,N
MT854034,G,121,S,P
MT854034,G,125,_,Q
MT854034,G,136,C,H
MT854034,G,143,P,S
MT854034,G,149,L,P
MT854034,G,151,H,Y
MT854034,G,153,P,L
MT854034,G,155,S,N
MT854034,G,163,T,I
MT854034,G,166,Q,K
MT854034,G,167,A,T
MT854034,G,170,I,T
MT854034,G,179,T,I
MT854034,G,183,A,V
MT854034,G,194,L,P
MT854034,G,197,K,R
MT854034,G,204,Q,L
MT854034,G,209,L,P
MT854034,G,230,L,Q
MT854034,G,232,Q,K
MT854034,G,236,P,S
MT854034,G,254,_,E
MT854034,G,257,Y,C
MT854034,G,268,S,T
MT854034,G,272,W,R
MT854034,G,278,L,P
MT854035,G,105,L,P
MT854035,G,110,V,A
MT854035,G,111,P,S
MT854035,G,112,L,P
MT854035,G,114,R,C
MT854035,G,115,L,P
MT854035,G,116,K,E
MT854035,G,120,K,N
MT854035,G,121,S,P
MT854035,G,128,Q,_
MT854035,G,136,C,H
MT854035,G,143,P,S
MT854035,G,149,L,P
MT854035,G,151,H,Y
MT854035,G,152,N,Y
MT854035,G,153,P,L
MT854035,G,155,S,N
MT854035,G,163,T,I
MT854035,G,166,Q,K
MT854035,G,167,A,T
MT854035,G,170,I,T
MT854035,G,179,T,I
MT854035,G,194,L,P
MT854035,G,197,K,R
MT854035,G,204,Q,L
MT854035,G,209,L,P
MT854035,G,212,P,L
MT854035,G,230,L,Q
MT854035,G,236,P,S
MT854035,G,240,P,L
MT854035,G,254,_,E
MT854035,G,257,Y,C
MT854035,G,268,S,T
MT854035,G,272,W,R
MT854035,G,278,L,P
MT854035,G,284,Q,_
MT854035,G,286,L,H
MT854035,G,287,L,H
MT854035,G,290,L,I
MT854035,G,296,H,Y
MT854036,G,105,L,P
MT854036,G,110,V,A
MT854036,G,111,P,S
MT854036,G,112,L,P
MT854036,G,114,R,C
MT854036,G,115,L,P
MT854036,G,120,K,N
MT854036,G,121,S,P
MT854036,G,128,Q,_
MT854036,G,136,C,H
MT854036,G,143,P,S
MT854036,G,149,L,P
MT854036,G,151,H,Y
MT854036,G,152,N,Y
MT854036,G,153,P,L
MT854036,G,155,S,N
MT854036,G,163,T,I
MT854036,G,166,Q,K
MT854036,G,167,A,T
MT854036,G,170,I,T
MT854036,G,172,I,T
MT854036,G,179,T,I
MT854036,G,194,L,P
MT854036,G,197,K,R
MT854036,G,204,Q,L
MT854036,G,209,L,P
MT854036,G,230,L,Q
MT854036,G,236,P,S
MT854036,G,240,P,L
MT854036,G,254,_,V
MT854036,G,257,Y,C
MT854036,G,268,S,T
MT854036,G,272,W,R
MT854036,G,278,L,P
MT854036,G,284,Q,_
MT854036,G,286,L,Y
MT854036,G,287,L,H
MT854036,G,290,L,I
MT854036,G,296,H,Y
MT854037,G,105,L,P
MT854037,G,110,V,A
MT854037,G,111,P,S
MT854037,G,112,L,P
MT854037,G,114,R,C
MT854037,G,115,L,P
MT854037,G,116,K,E
MT854037,G,120,K,N
MT854037,G,121,S,P
MT854037,G,128,Q,_
MT854037,G,136,C,H
MT854037,G,143,P,S
MT854037,G,149,L,P
MT854037,G,151,H,Y
MT854037,G,152,N,Y
MT854037,G,153,P,L
MT854037,G,155,S,N
MT854037,G,156,P,S
MT854037,G,163,T,I
MT854037,G,166,Q,K
MT854037,G,167,A,T
MT854037,G,170,I,T
MT854037,G,179,T,I
MT854037,G,194,L,P
MT854037,G,197,K,R
MT854037,G,204,Q,L
MT854037,G,207,K,R
MT854037,G,209,L,P
MT854037,G,230,L,Q
MT854037,G,236,P,S
MT854037,G,240,P,L
MT854037,G,254,_,E
MT854037,G,257,Y,C
MT854037,G,260,P,T
MT854037,G,268,S,T
MT854037,G,272,W,G
MT854037,G,278,L,P
MT854037,G,284,Q,_
MT854037,G,286,L,H
MT854037,G,287,L,H
MT854037,G,290,L,I
MT854037,G,296,H,Y
MT854038,G,105,L,P
MT854038,G,110,V,A
MT854038,G,111,P,S
MT854038,G,112,L,P
MT854038,G,114,R,C
MT854038,G,115,L,P
MT854038,G,116,K,E
MT854038,G,120,K,N
MT854038,G,121,S,P
MT854038,G,128,Q,_
MT854038,G,136,C,H
MT854038,G,143,P,S
MT854038,G,149,L,P
MT854038,G,151,H,Y
MT854038,G,152,N,Y
MT854038,G,153,P,L
MT854038,G,155,S,N
MT854038,G,163,T,I
MT854038,G,166,Q,K
MT854038,G,167,A,T
MT854038,G,170,I,T
MT854038,G,179,T,I
MT854038,G,194,L,P
MT854038,G,197,K,R
MT854038,G,204,Q,L
MT854038,G,209,L,P
MT854038,G,212,P,L
MT854038,G,230,L,Q
MT854038,G,236,P,S
MT854038,G,240,P,L
MT854038,G,254,_,E
MT854038,G,257,Y,C
MT854038,G,268,S,T
MT854038,G,272,W,R
MT854038,G,278,L,P
MT854038,G,284,Q,_
MT854038,G,286,L,H
MT854038,G,287,L,H
MT854038,G,290,L,I
MT854038,G,296,H,Y
MT854039,G,105,L,P
MT854039,G,110,V,A
MT854039,G,111,P,S
MT854039,G,112,L,P
MT854039,G,114,R,C
MT854039,G,115,L,P
MT854039,G,116,K,E
MT854039,G,120,K,N
MT854039,G,121,S,P
MT854039,G,125,_,Q
MT854039,G,136,C,H
MT854039,G,143,P,S
MT854039,G,149,L,P
MT854039,G,151,H,Y
MT854039,G,153,P,L
MT854039,G,155,S,N
MT854039,G,163,T,I
MT854039,G,166,Q,K
MT854039,G,167,A,T
MT854039,G,170,I,T
MT854039,G,179,T,I
MT854039,G,183,A,V
MT854039,G,194,L,P
MT854039,G,197,K,R
MT854039,G,204,Q,L
MT854039,G,209,L,P
MT854039,G,230,L,Q
MT854039,G,236,P,S
MT854039,G,254,_,E
MT854039,G,257,Y,C
MT854039,G,268,S,T
MT854039,G,272,W,R
MT854039,G,278,L,P
MT854039,G,284,Q,_
MT854039,G,286,L,H
MT854039,G,287,L,H
MT854039,G,290,L,I
MT854039,G,296,H,Y
MT854040,G,105,L,P
MT854040,G,110,V,A
MT854040,G,111,P,S
MT854040,G,112,L,P
MT854040,G,114,R,C
MT854040,G,115,L,P
MT854040,G,116,K,E
MT854040,G,120,K,N
MT854040,G,121,S,P
MT854040,G,128,Q,_
MT854040,G,136,C,H
MT854040,G,143,P,S
MT854040,G,149,L,P
MT854040,G,151,H,Y
MT854040,G,152,N,Y
MT854040,G,153,P,L
MT854040,G,155,S,N
MT854040,G,156,P,S
MT854040,G,163,T,I
MT854040,G,166,Q,K
MT854040,G,167,A,T
MT854040,G,170,I,T
MT854040,G,179,T,I
MT854040,G,194,L,P
MT854040,G,197,K,R
MT854040,G,204,Q,L
MT854040,G,207,K,R
MT854040,G,209,L,P
MT854040,G,230,L,Q
MT854040,G,236,P,S
MT854040,G,240,P,L
MT854040,G,254,_,E
MT854040,G,257,Y,C
MT854040,G,260,P,T
MT854040,G,268,S,T
MT854040,G,272,W,G
MT854040,G,278,L,P
MT854040,G,284,Q,_
MT854040,G,286,L,H
MT854040,G,287,L,H
MT854040,G,290,L,I
MT854040,G,296,H,Y
MT854041,G,105,L,P
MT854041,G,110,V,A
MT854041,G,111,P,S
MT854041,G,112,L,P
MT854041,G,114,R,C
MT854041,G,115,L,P
MT854041,G,116,K,E
MT854041,G,120,K,N
MT854041,G,121,S,P
MT854041,G,128,Q,_
MT854041,G,136,C,H
MT854041,G,143,P,S
MT854041,G,149,L,P
MT854041,G,151,H,Y
MT854041,G,152,N,Y
MT854041,G,153,P,L
MT854041,G,155,S,N
MT854041,G,163,T,I
MT854041,G,166,Q,K
MT854041,G,167,A,T
MT854041,G,170,I,T
MT854041,G,179,T,I
MT854041,G,194,L,P
MT854041,G,197,K,R
MT854041,G,204,Q,L
MT854041,G,207,K,R
MT854041,G,209,L,P
MT854041,G,230,L,Q
MT854041,G,236,P,S
MT854041,G,240,P,L
MT854041,G,254,_,E
MT854041,G,257,Y,C
MT854041,G,260,P,T
MT854041,G,268,S,T
MT854041,G,272,W,G
MT854041,G,278,L,P
MT854041,G,284,Q,_
MT854041,G,286,L,H
MT854041,G,287,L,H
MT854041,G,290,L,I
MT854041,G,296,H,Y
MT854042,G,105,L,P
MT854042,G,110,V,A
MT854042,G,111,P,S
MT854042,G,112,L,P
MT854042,G,114,R,C
MT854042,G,115,L,P
MT854042,G,120,K,N
MT854042,G,121,S,P
MT854042,G,128,Q,_
MT854042,G,136,C,H
MT854042,G,143,P,S
MT854042,G,149,L,P
MT854042,G,151,H,Y
MT854042,G,152,N,Y
MT854042,G,153,P,L
MT854042,G,155,S,N
MT854042,G,163,T,I
MT854042,G,166,Q,K
MT854042,G,167,A,T
MT854042,G,170,I,T
MT854042,G,179,T,I
MT854042,G,194,L,P
MT854042,G,197,K,R
MT854042,G,204,Q,L
MT854042,G,209,L,P
MT854042,G,230,L,Q
MT854042,G,236,P,S
MT854042,G,240,P,L
MT854042,G,254,_,E
MT854042,G,257,Y,C
MT854042,G,268,S,T
MT854042,G,272,W,R
MT854042,G,278,L,P
MT854042,G,284,Q,_
MT854042,G,286,L,H
MT854042,G,287,L,H
MT854042,G,290,L,I
MT854042,G,296,H,Y
MT854043,G,105,L,P
MT854043,G,110,V,A
MT854043,G,111,P,S
MT854043,G,112,L,P
MT854043,G,114,R,C
MT854043,G,115,L,P
MT854043,G,116,K,E
MT854043,G,120,K,N
MT854043,G,121,S,P
MT854043,G,128,Q,_
MT854043,G,136,C,H
MT854043,G,143,P,S
MT854043,G,149,L,P
MT854043,G,151,H,Y
MT854043,G,152,N,Y
MT854043,G,153,P,L
MT854043,G,155,S,N
MT854043,G,156,P,S
MT854043,G,163,T,I
MT854043,G,166,Q,K
MT854043,G,167,A,T
MT854043,G,170,I,T
MT854043,G,179,T,I
MT854043,G,194,L,P
MT854043,G,197,K,R
MT854043,G,204,Q,L
MT854043,G,207,K,R
MT854043,G,209,L,P
MT854043,G,230,L,Q
MT854043,G,236,P,S
MT854043,G,240,P,L
MT854043,G,254,_,E
MT854043,G,257,Y,C
MT854043,G,260,P,T
MT854043,G,268,S,T
MT854043,G,272,W,G
MT854043,G,278,L,P
MT854043,G,284,Q,_
MT854043,G,286,L,H
MT854043,G,287,L,H
MT854043,G,290,L,I
MT854043,G,296,H,Y
MT854044,G,105,L,P
MT854044,G,110,V,A
MT854044,G,111,P,S
MT854044,G,112,L,P
MT854044,G,114,R,C
MT854044,G,115,L,P
MT854044,G,116,K,E
MT854044,G,120,K,N
MT854044,G,121,S,P
MT854044,G,128,Q,_
MT854044,G,136,C,H
MT854044,G,143,P,S
MT854044,G,149,L,P
MT854044,G,151,H,Y
MT854044,G,152,N,Y
MT854044,G,153,P,L
MT854044,G,155,S,N
MT854044,G,156,P,S
MT854044,G,163,T,I
MT854044,G,166,Q,K
MT854044,G,167,A,T
MT854044,G,170,I,T
MT854044,G,179,T,I
MT854044,G,194,L,P
MT854044,G,197,K,R
MT854044,G,204,Q,L
MT854044,G,207,K,R
MT854044,G,209,L,P
MT854044,G,230,L,Q
MT854044,G,236,P,S
MT854044,G,240,P,L
MT854044,G,254,_,E
MT854044,G,257,Y,C
MT854044,G,260,P,T
MT854044,G,268,S,T
MT854044,G,272,W,G
MT854044,G,278,L,P
MT854044,G,284,Q,_
MT854044,G,286,L,H
MT854044,G,287,L,H
MT854044,G,290,L,I
MT854044,G,296,H,Y
MT854045,G,105,L,P
MT854045,G,110,V,A
MT854045,G,111,P,S
MT854045,G,112,L,P
MT854045,G,114,R,C
MT854045,G,115,L,P
MT854045,G,120,K,N
MT854045,G,121,S,P
MT854045,G,128,Q,_
MT854045,G,136,C,H
MT854045,G,143,P,S
MT854045,G,149,L,P
MT854045,G,151,H,Y
MT854045,G,152,N,Y
MT854045,G,153,P,L
MT854045,G,155,S,N
MT854045,G,163,T,I
MT854045,G,166,Q,K
MT854045,G,167,A,T
MT854045,G,170,I,T
MT854045,G,179,T,I
MT854045,G,194,L,P
MT854045,G,197,K,R
MT854045,G,203,N,Y
MT854045,G,204,Q,L
MT854045,G,209,L,P
MT854045,G,230,L,Q
MT854045,G,236,P,S
MT854045,G,240,P,L
MT854045,G,254,_,E
MT854045,G,257,Y,C
MT854045,G,268,S,T
MT854045,G,272,W,R
MT854045,G,278,L,P
MT854045,G,284,Q,_
MT854045,G,286,L,H
MT854045,G,287,L,H
MT854045,G,290,L,I
MT854045,G,296,H,Y
MT854046,G,105,L,P
MT854046,G,110,V,A
MT854046,G,111,P,S
MT854046,G,112,L,P
MT854046,G,114,R,C
MT854046,G,115,L,P
MT854046,G,116,K,E
MT854046,G,120,K,N
MT854046,G,121,S,P
MT854046,G,131,E,A
MT854046,G,132,S,L
MT854046,G,136,C,H
MT854046,G,143,P,S
MT854046,G,149,L,P
MT854046,G,151,H,Y
MT854046,G,152,N,Y
MT854046,G,155,S,N
MT854046,G,161,A,T
MT854046,G,163,T,I
MT854046,G,166,Q,K
MT854046,G,167,A,T
MT854046,G,170,I,T
MT854046,G,179,T,I
MT854046,G,194,L,P
MT854046,G,197,K,R
MT854046,G,204,Q,P
MT854046,G,209,L,P
MT854046,G,230,L,Q
MT854046,G,236,P,S
MT854046,G,237,P,L
MT854046,G,240,P,L
MT854046,G,249,P,L
MT854046,G,254,_,E
MT854046,G,257,Y,C
MT854046,G,268,S,T
MT854046,G,272,W,R
MT854046,G,278,L,P
MT854046,G,284,Q,_
MT854046,G,286,L,H
MT854046,G,287,L,H
MT854046,G,290,L,I
MT854046,G,296,H,Y
MT854047,G,105,L,P
MT854047,G,110,V,A
MT854047,G,111,P,S
MT854047,G,112,L,P
MT854047,G,114,R,C
MT854047,G,115,L,P
MT854047,G,116,K,E
MT854047,G,120,K,N
MT854047,G,121,S,P
MT854047,G,128,Q,_
MT854047,G,136,C,H
MT854047,G,143,P,S
MT854047,G,149,L,P
MT854047,G,151,H,Y
MT854047,G,152,N,Y
MT854047,G,153,P,L
MT854047,G,155,S,N
MT854047,G,163,T,I
MT854047,G,166,Q,K
MT854047,G,167,A,T
MT854047,G,170,I,T
MT854047,G,179,T,I
MT854047,G,194,L,P
MT854047,G,197,K,R
MT854047,G,204,Q,L
MT854047,G,209,L,P
MT854047,G,230,L,Q
MT854047,G,236,P,S
MT854047,G,240,P,L
MT854047,G,254,_,E
MT854047,G,257,Y,C
MT854047,G,268,S,T
MT854047,G,272,W,R
MT854047,G,278,L,P
MT854047,G,284,Q,_
MT854047,G,286,L,H
MT854047,G,287,L,H
MT854047,G,290,L,I
MT854047,G,296,H,Y
MT854048,G,105,L,P
MT854048,G,110,V,A
MT854048,G,111,P,S
MT854048,G,112,L,P
MT854048,G,114,R,C
MT854048,G,115,L,P
MT854048,G,116,K,E
MT854048,G,120,K,N
MT854048,G,121,S,P
MT854048,G,125,_,Q
MT854048,G,136,C,H
MT854048,G,143,P,S
MT854048,G,151,H,Y
MT854048,G,153,P,L
MT854048,G,155,S,N
MT854048,G,163,T,I
MT854048,G,166,Q,K
MT854048,G,167,A,T
MT854048,G,170,I,T
MT854048,G,179,T,I
MT854048,G,183,A,V
MT854048,G,194,L,P
MT854048,G,197,K,R
MT854048,G,204,Q,L
MT854048,G,209,L,P
MT854048,G,230,L,Q
MT854048,G,236,P,S
MT854048,G,254,_,E
MT854048,G,257,Y,C
MT854048,G,268,S,T
MT854048,G,272,W,K
MT854048,G,278,L,P
MT854048,G,286,L,H
MT854048,G,287,L,H
MT854048,G,290,L,I
MT854048,G,296,H,Y
MT854049,G,105,L,P
MT854049,G,110,V,A
MT854049,G,111,P,S
MT854049,G,112,L,P
MT854049,G,114,R,C
MT854049,G,115,L,P
MT854049,G,116,K,E
MT854049,G,120,K,N
MT854049,G,121,S,P
MT854049,G,128,Q,_
MT854049,G,136,C,H
MT854049,G,143,P,S
MT854049,G,149,L,P
MT854049,G,151,H,Y
MT854049,G,152,N,Y
MT854049,G,153,P,L
MT854049,G,155,S,N
MT854049,G,163,T,I
MT854049,G,166,Q,K
MT854049,G,167,A,T
MT854049,G,170,I,T
MT854049,G,179,T,I
MT854049,G,194,L,P
MT854049,G,197,K,R
MT854049,G,204,Q,L
MT854049,G,207,K,R
MT854049,G,209,L,P
MT854049,G,230,L,Q
MT854049,G,236,P,S
MT854049,G,240,P,L
MT854049,G,254,_,E
MT854049,G,257,Y,C
MT854049,G,260,P,T
MT854049,G,268,S,T
MT854049,G,272,W,G
MT854049,G,278,L,P
MT854049,G,284,Q,_
MT854049,G,286,L,H
MT854049,G,287,L,H
MT854049,G,290,L,I
MT854049,G,293,P,L
MT854049,G,296,H,Y
MT854050,G,105,L,P
MT854050,G,110,V,A
MT854050,G,111,P,S
MT854050,G,112,L,P
MT854050,G,114,R,C
MT854050,G,115,L,P
MT854050,G,116,K,E
MT854050,G,120,K,N
MT854050,G,121,S,P
MT854050,G,128,Q,_
MT854050,G,136,C,H
MT854050,G,143,P,S
MT854050,G,149,L,P
MT854050,G,151,H,Y
MT854050,G,152,N,Y
MT854050,G,153,P,L
MT854050,G,155,S,N
MT854050,G,156,P,S
MT854050,G,163,T,I
MT854050,G,166,Q,K
MT854050,G,167,A,T
MT854050,G,170,I,T
MT854050,G,179,T,I
MT854050,G,194,L,P
MT854050,G,197,K,R
MT854050,G,204,Q,L
MT854050,G,207,K,R
MT854050,G,209,L,P
MT854050,G,230,L,Q
MT854050,G,236,P,S
MT854050,G,240,P,L
MT854050,G,254,_,E
MT854050,G,257,Y,C
MT854050,G,260,P,T
MT854050,G,268,S,T
MT854050,G,272,W,G
MT854050,G,278,L,P
MT854050,G,284,Q,_
MT854050,G,286,L,H
MT854050,G,287,L,H
MT854050,G,290,L,I
MT854050,G,296,H,Y
MT854051,G,105,L,P
MT854051,G,110,V,A
MT854051,G,111,P,S
MT854051,G,112,L,P
MT854051,G,114,R,C
MT854051,G,115,L,P
MT854051,G,116,K,E
MT854051,G,120,K,N
MT854051,G,121,S,P
MT854051,G,128,Q,_
MT854051,G,136,C,H
MT854051,G,143,P,S
MT854051,G,149,L,P
MT854051,G,151,H,Y
MT854051,G,152,N,Y
MT854051,G,153,P,L
MT854051,G,155,S,N
MT854051,G,156,P,S
MT854051,G,163,T,I
MT854051,G,166,Q,K
MT854051,G,167,A,T
MT854051,G,170,I,T
MT854051,G,179,T,I
MT854051,G,194,L,P
MT854051,G,197,K,R
MT854051,G,204,Q,L
MT854051,G,207,K,R
MT854051,G,209,L,P
MT854051,G,230,L,Q
MT854051,G,236,P,S
MT854051,G,240,P,L
MT854051,G,254,_,E
MT854051,G,257,Y,C
MT854051,G,260,P,T
MT854051,G,268,S,T
MT854051,G,272,W,G
MT854051,G,278,L,P
MT854051,G,284,Q,_
MT854051,G,286,L,H
MT854051,G,287,L,H
MT854051,G,290,L,I
MT854051,G,296,H,Y
MT854052,G,105,L,P
MT854052,G,110,V,A
MT854052,G,111,P,S
MT854052,G,112,L,P
MT854052,G,114,R,C
MT854052,G,115,L,P
MT854052,G,116,K,E
MT854052,G,120,K,N
MT854052,G,121,S,P
MT854052,G,128,Q,_
MT854052,G,136,C,H
MT854052,G,143,P,S
MT854052,G,149,L,P
MT854052,G,151,H,Y
MT854052,G,152,N,Y
MT854052,G,153,P,L
MT854052,G,155,S,N
MT854052,G,163,T,I
MT854052,G,166,Q,K
MT854052,G,167,A,T
MT854052,G,170,I,T
MT854052,G,179,T,I
MT854052,G,194,L,P
MT854052,G,197,K,R
MT854052,G,204,Q,L
MT854052,G,207,K,R
MT854052,G,209,L,P
MT854052,G,230,L,Q
MT854052,G,236,P,S
MT854052,G,240,P,L
MT854052,G,254,_,E
MT854052,G,257,Y,C
MT854052,G,260,P,T
MT854052,G,268,S,T
MT854052,G,272,W,G
MT854052,G,278,L,P
MT854052,G,284,Q,_
MT854052,G,286,L,H
MT854052,G,287,L,H
MT854052,G,290,L,I
MT854052,G,296,H,Y
MT854053,G,105,L,P
MT854053,G,110,V,A
MT854053,G,111,P,S
MT854053,G,112,L,P
MT854053,G,114,R,C
MT854053,G,115,L,P
MT854053,G,116,K,E
MT854053,G,120,K,N
MT854053,G,121,S,P
MT854053,G,128,Q,_
MT854053,G,136,C,H
MT854053,G,143,P,S
MT854053,G,149,L,P
MT854053,G,151,H,Y
MT854053,G,152,N,Y
MT854053,G,153,P,L
MT854053,G,155,S,N
MT854053,G,156,P,S
MT854053,G,163,T,I
MT854053,G,166,Q,K
MT854053,G,167,A,T
MT854053,G,170,I,T
MT854053,G,179,T,I
MT854053,G,194,L,P
MT854053,G,197,K,R
MT854053,G,204,Q,L
MT854053,G,207,K,R
MT854053,G,209,L,P
MT854053,G,230,L,Q
MT854053,G,236,P,S
MT854053,G,240,P,L
MT854053,G,254,_,E
MT854053,G,257,Y,C
MT854053,G,260,P,T
MT854053,G,268,S,T
MT854053,G,272,W,R
MT854053,G,278,L,P
MT854053,G,284,Q,_
MT854053,G,286,L,H
MT854053,G,287,L,H
MT854053,G,290,L,I
MT854053,G,296,H,Y
MT854054,G,105,L,P
MT854054,G,110,V,A
MT854054,G,111,P,S
MT854054,G,112,L,P
MT854054,G,114,R,C
MT854054,G,115,L,P
MT854054,G,116,K,E
MT854054,G,120,K,N
MT854054,G,121,S,P
MT854054,G,125,_,Q
MT854054,G,136,C,H
MT854054,G,143,P,S
MT854054,G,149,L,P
MT854054,G,151,H,Y
MT854054,G,155,S,N
MT854054,G,163,T,I
MT854054,G,166,Q,K
MT854054,G,167,A,T
MT854054,G,170,I,T
MT854054,G,179,T,I
MT854054,G,183,A,V
MT854054,G,194,L,P
MT854054,G,197,K,R
MT854054,G,204,Q,L
MT854054,G,209,L,P
MT854054,G,230,L,Q
MT854054,G,236,P,S
MT854054,G,254,_,E
MT854054,G,257,Y,C
MT854054,G,260,P,T
MT854054,G,268,S,T
MT854054,G,272,W,G
MT854054,G,278,L,P
MT854054,G,284,Q,_
MT854054,G,286,L,H
MT854054,G,287,L,H
MT854054,G,290,L,I
MT854054,G,296,H,Y
MT854055,G,105,L,P
MT854055,G,110,V,A
MT854055,G,111,P,S
MT854055,G,112,L,P
MT854055,G,114,R,C
MT854055,G,115,L,P
MT854055,G,116,K,E
MT854055,G,120,K,N
MT854055,G,121,S,P
MT854055,G,128,Q,_
MT854055,G,136,C,H
MT854055,G,143,P,S
MT854055,G,149,L,P
MT854055,G,151,H,Y
MT854055,G,152,N,Y
MT854055,G,153,P,L
MT854055,G,155,S,N
MT854055,G,163,T,I
MT854055,G,166,Q,K
MT854055,G,167,A,T
MT854055,G,170,I,T
MT854055,G,179,T,I
MT854055,G,194,L,P
MT854055,G,197,K,R
MT854055,G,204,Q,L
MT854055,G,207,K,R
MT854055,G,209,L,P
MT854055,G,230,L,Q
MT854055,G,236,P,S
MT854055,G,240,P,L
MT854055,G,254,_,E
MT854055,G,257,Y,C
MT854055,G,260,P,T
MT854055,G,268,S,T
MT854055,G,272,W,G
MT854055,G,278,L,P
MT854055,G,284,Q,_
MT854055,G,286,L,H
MT854055,G,287,L,H
MT854055,G,290,L,I
MT854055,G,296,H,Y
MT854056,G,105,L,P
MT854056,G,110,V,A
MT854056,G,111,P,S
MT854056,G,112,L,P
MT854056,G,114,R,C
MT854056,G,115,L,P
MT854056,G,116,K,E
MT854056,G,120,K,N
MT854056,G,121,S,P
MT854056,G,125,_,Q
MT854056,G,136,C,H
MT854056,G,143,P,S
MT854056,G,149,L,P
MT854056,G,151,H,Y
MT854056,G,155,S,N
MT854056,G,163,T,I
MT854056,G,166,Q,K
MT854056,G,167,A,T
MT854056,G,170,I,T
MT854056,G,179,T,I
MT854056,G,183,A,V
MT854056,G,194,L,P
MT854056,G,197,K,R
MT854056,G,204,Q,L
MT854056,G,209,L,P
MT854056,G,230,L,Q
MT854056,G,236,P,S
MT854056,G,254,_,E
MT854056,G,257,Y,C
MT854056,G,268,S,T
MT854056,G,272,W,R
MT854056,G,278,L,P
MT854056,G,284,Q,_
MT854056,G,286,L,H
MT854056,G,287,L,H
MT854056,G,290,L,I
MT854056,G,296,H,Y
MT854057,G,105,L,P
MT854057,G,110,V,A
MT854057,G,111,P,S
MT854057,G,112,L,P
MT854057,G,114,R,C
MT854057,G,115,L,P
MT854057,G,120,K,N
MT854057,G,121,S,P
MT854057,G,128,Q,_
MT854057,G,136,C,H
MT854057,G,143,P,S
MT854057,G,149,L,P
MT854057,G,151,H,Y
MT854057,G,152,N,Y
MT854057,G,153,P,L
MT854057,G,155,S,N
MT854057,G,163,T,I
MT854057,G,166,Q,K
MT854057,G,167,A,T
MT854057,G,170,I,T
MT854057,G,179,T,I
MT854057,G,194,L,P
MT854057,G,197,K,R
MT854057,G,204,Q,L
MT854057,G,209,L,P
MT854057,G,230,L,Q
MT854057,G,236,P,S
MT854057,G,240,P,L
MT854057,G,254,_,E
MT854057,G,257,Y,C
MT854057,G,268,S,T
MT854057,G,272,W,G
MT854057,G,278,L,P
MT854057,G,284,Q,_
MT854057,G,286,L,H
MT854057,G,287,L,H
MT854057,G,290,L,I
MT854057,G,296,H,Y
MT854058,G,105,L,P
MT854058,G,110,V,A
MT854058,G,111,P,S
MT854058,G,112,L,P
MT854058,G,114,R,C
MT854058,G,115,L,P
MT854058,G,116,K,E
MT854058,G,120,K,N
MT854058,G,121,S,P
MT854058,G,128,Q,_
MT854058,G,136,C,H
MT854058,G,143,P,S
MT854058,G,149,L,P
MT854058,G,151,H,Y
MT854058,G,152,N,Y
MT854058,G,153,P,L
MT854058,G,155,S,N
MT854058,G,163,T,I
MT854058,G,166,Q,K
MT854058,G,167,A,T
MT854058,G,170,I,T
MT854058,G,179,T,I
MT854058,G,194,L,P
MT854058,G,197,K,R
MT854058,G,204,Q,L
MT854058,G,207,K,R
MT854058,G,209,L,P
MT854058,G,230,L,Q
MT854058,G,236,P,S
MT854058,G,240,P,L
MT854058,G,254,_,E
MT854058,G,257,Y,C
MT854058,G,260,P,T
MT854058,G,268,S,T
MT854058,G,272,W,R
MT854058,G,278,L,P
MT854058,G,284,Q,_
MT854058,G,285,A,V
MT854058,G,286,L,H
MT854058,G,287,L,H
MT854058,G,290,L,I
MT854059,G,105,L,P
MT854059,G,110,V,A
MT854059,G,111,P,S
MT854059,G,112,L,P
MT854059,G,114,R,Y
MT854059,G,115,L,P
MT854059,G,116,K,E
MT854059,G,120,K,N
MT854059,G,121,S,P
MT854059,G,131,E,V
MT854059,G,132,S,L
MT854059,G,136,C,H
MT854059,G,143,P,S
MT854059,G,149,L,P
MT854059,G,151,H,Y
MT854059,G,152,N,Y
MT854059,G,153,P,L
MT854059,G,155,S,N
MT854059,G,163,T,I
MT854059,G,166,Q,K
MT854059,G,167,A,T
MT854059,G,170,I,T
MT854059,G,179,T,I
MT854059,G,194,L,P
MT854059,G,197,K,R
MT854059,G,204,Q,L
MT854059,G,209,L,P
MT854059,G,210,P,S
MT854059,G,236,P,S
MT854059,G,237,P,L
MT854059,G,240,P,L
MT854059,G,254,_,E
MT854059,G,257,Y,C
MT854059,G,260,P,T
MT854059,G,268,S,T
MT854059,G,272,W,G
MT854059,G,278,L,P
MT854059,G,284,Q,_
MT854059,G,286,L,H
MT854059,G,287,L,H
MT854059,G,290,L,I
MT854059,G,296,H,Y
MT854060,G,105,L,P
MT854060,G,110,V,A
MT854060,G,111,P,S
MT854060,G,112,L,P
MT854060,G,114,R,C
MT854060,G,115,L,P
MT854060,G,116,K,E
MT854060,G,120,K,N
MT854060,G,121,S,P
MT854060,G,128,Q,_
MT854060,G,136,C,H
MT854060,G,143,P,S
MT854060,G,149,L,P
MT854060,G,151,H,Y
MT854060,G,152,N,Y
MT854060,G,153,P,L
MT854060,G,155,S,N
MT854060,G,156,P,S
MT854060,G,163,T,I
MT854060,G,166,Q,K
MT854060,G,167,A,T
MT854060,G,170,I,T
MT854060,G,179,T,I
MT854060,G,194,L,P
MT854060,G,197,K,R
MT854060,G,204,Q,L
MT854060,G,209,L,P
MT854060,G,230,L,Q
MT854060,G,236,P,S
MT854060,G,240,P,L
MT854060,G,254,_,E
MT854060,G,257,Y,C
MT854060,G,260,P,T
MT854060,G,268,S,T
MT854060,G,272,W,G
MT854060,G,278,L,P
MT854060,G,284,Q,_
MT854060,G,286,L,H
MT854060,G,287,L,H
MT854060,G,290,L,I
MT854060,G,296,H,Y
MT854061,G,105,L,P
MT854061,G,110,V,A
MT854061,G,111,P,S
MT854061,G,112,L,P
MT854061,G,114,R,C
MT854061,G,115,L,P
MT854061,G,116,K,E
MT854061,G,120,K,N
MT854061,G,121,S,P
MT854061,G,128,Q,_
MT854061,G,136,C,H
MT854061,G,143,P,S
MT854061,G,149,L,P
MT854061,G,151,H,Y
MT854061,G,152,N,Y
MT854061,G,153,P,L
MT854061,G,155,S,N
MT854061,G,163,T,I
MT854061,G,166,Q,K
MT854061,G,167,A,T
MT854061,G,170,I,T
MT854061,G,179,T,I
MT854061,G,194,L,P
MT854061,G,197,K,R
MT854061,G,204,Q,L
MT854061,G,207,K,R
MT854061,G,209,L,P
MT854061,G,230,L,Q
MT854061,G,236,P,S
MT854061,G,240,P,L
MT854061,G,254,_,E
MT854061,G,257,Y,C
MT854061,G,260,P,T
MT854061,G,268,S,T
MT854061,G,272,W,G
MT854061,G,278,L,P
MT854061,G,284,Q,_
MT854061,G,286,L,H
MT854061,G,287,L,H
MT854061,G,290,L,I
MT854061,G,296,H,Y
MT854062,G,105,L,P
MT854062,G,110,V,A
MT854062,G,111,P,S
MT854062,G,112,L,P
MT854062,G,114,R,C
MT854062,G,115,L,P
MT854062,G,116,K,E
MT854062,G,120,K,N
MT854062,G,121,S,P
MT854062,G,128,Q,_
MT854062,G,136,C,H
MT854062,G,143,P,S
MT854062,G,149,L,P
MT854062,G,151,H,Y
MT854062,G,152,N,Y
MT854062,G,153,P,L
MT854062,G,155,S,N
MT854062,G,156,P,S
MT854062,G,163,T,I
MT854062,G,166,Q,K
MT854062,G,167,A,T
MT854062,G,170,I,T
MT854062,G,179,T,I
MT854062,G,194,L,P
MT854062,G,197,K,R
MT854062,G,204,Q,L
MT854062,G,207,K,R
MT854062,G,209,L,P
MT854062,G,230,L,Q
MT854062,G,236,P,S
MT854062,G,240,P,L
MT854062,G,254,_,E
MT854062,G,257,Y,C
MT854062,G,260,P,T
MT854062,G,268,S,T
MT854062,G,272,W,R
MT854062,G,278,L,P
MT854062,G,284,Q,_
MT854062,G,286,L,H
MT854062,G,287,L,H
MT854062,G,290,L,I
MT854062,G,296,H,Y
MT854063,G,105,L,P
MT854063,G,110,V,A
MT854063,G,111,P,S
MT854063,G,112,L,P
MT854063,G,114,R,C
MT854063,G,115,L,P
MT854063,G,116,K,E
MT854063,G,120,K,N
MT854063,G,121,S,P
MT854063,G,125,_,Q
MT854063,G,136,C,H
MT854063,G,143,P,S
MT854063,G,149,L,P
MT854063,G,151,H,Y
MT854063,G,155,S,N
MT854063,G,163,T,I
MT854063,G,166,Q,K
MT854063,G,167,A,T
MT854063,G,170,I,T
MT854063,G,179,T,I
MT854063,G,183,A,V
MT854063,G,194,L,P
MT854063,G,197,K,R
MT854063,G,204,Q,L
MT854063,G,209,L,P
MT854063,G,230,L,Q
MT854063,G,236,P,S
MT854063,G,240,P,L
MT854063,G,244,Q,L
MT854063,G,254,_,E
MT854063,G,257,Y,C
MT854063,G,268,S,T
MT854063,G,272,W,R
MT854063,G,278,L,P
MT854063,G,284,Q,_
MT854063,G,286,L,H
MT854063,G,287,L,H
MT854063,G,290,L,I
MT854063,G,296,H,Y
MT854064,G,105,L,P
MT854064,G,110,V,A
MT854064,G,111,P,S
MT854064,G,112,L,P
MT854064,G,114,R,C
MT854064,G,115,L,P
MT854064,G,120,K,N
MT854064,G,121,S,P
MT854064,G,128,Q,_
MT854064,G,136,C,H
MT854064,G,143,P,S
MT854064,G,149,L,P
MT854064,G,151,H,Y
MT854064,G,152,N,Y
MT854064,G,153,P,L
MT854064,G,155,S,N
MT854064,G,163,T,I
MT854064,G,166,Q,K
MT854064,G,167,A,T
MT854064,G,170,I,T
MT854064,G,179,T,I
MT854064,G,194,L,P
MT854064,G,197,K,R
MT854064,G,204,Q,L
MT854064,G,209,L,P
MT854064,G,230,L,Q
MT854064,G,236,P,S
MT854064,G,254,_,E
MT854064,G,257,Y,C
MT854064,G,268,S,T
MT854064,G,272,W,R
MT854064,G,278,L,P
MT854064,G,284,Q,_
MT854064,G,286,L,H
MT854064,G,287,L,H
MT854064,G,290,L,I
MT854064,G,296,H,Y
MT854065,G,105,L,P
MT854065,G,110,V,A
MT854065,G,111,P,S
MT854065,G,112,L,P
MT854065,G,114,R,C
MT854065,G,115,L,P
MT854065,G,116,K,E
MT854065,G,120,K,N
MT854065,G,121,S,P
MT854065,G,125,_,Q
MT854065,G,136,C,H
MT854065,G,143,P,S
MT854065,G,149,L,P
MT854065,G,151,H,Y
MT854065,G,153,P,L
MT854065,G,155,S,N
MT854065,G,163,T,I
MT854065,G,166,Q,K
MT854065,G,167,A,T
MT854065,G,170,I,T
MT854065,G,179,T,I
MT854065,G,183,A,V
MT854065,G,194,L,P
MT854065,G,197,K,R
MT854065,G,204,Q,L
MT854065,G,209,L,P
MT854065,G,230,L,Q
MT854065,G,236,P,S
MT854065,G,254,_,E
MT854065,G,257,Y,C
MT854065,G,260,P,T
MT854065,G,268,S,T
MT854065,G,272,W,R
MT854065,G,278,L,P
MT854065,G,284,Q,_
MT854065,G,286,L,H
MT854065,G,287,L,H
MT854065,G,290,L,I
MT854065,G,296,H,Y
MT854066,G,105,L,P
MT854066,G,110,V,A
MT854066,G,111,P,S
MT854066,G,112,L,P
MT854066,G,114,R,C
MT854066,G,115,L,P
MT854066,G,116,K,E
MT854066,G,120,K,N
MT854066,G,121,S,P
MT854066,G,125,_,Q
MT854066,G,136,C,H
MT854066,G,143,P,S
MT854066,G,149,L,P
MT854066,G,151,H,Y
MT854066,G,155,S,N
MT854066,G,163,T,I
MT854066,G,166,Q,K
MT854066,G,167,A,T
MT854066,G,170,I,T
MT854066,G,179,T,I
MT854066,G,183,A,V
MT854066,G,194,L,P
MT854066,G,197,K,R
MT854066,G,204,Q,L
MT854066,G,209,L,P
MT854066,G,230,L,Q
MT854066,G,236,P,S
MT854066,G,254,_,E
MT854066,G,257,Y,C
MT854066,G,268,S,T
MT854066,G,272,W,R
MT854066,G,278,L,P
MT854066,G,286,L,H
MT854066,G,287,L,H
MT854066,G,290,L,I
MT854067,G,105,L,P
MT854067,G,110,V,A
MT854067,G,111,P,S
MT854067,G,112,L,P
MT854067,G,114,R,C
MT854067,G,115,L,P
MT854067,G,116,K,E
MT854067,G,120,K,N
MT854067,G,121,S,P
MT854067,G,128,Q,_
MT854067,G,136,C,H
MT854067,G,143,P,S
MT854067,G,149,L,P
MT854067,G,151,H,Y
MT854067,G,152,N,Y
MT854067,G,153,P,L
MT854067,G,155,S,N
MT854067,G,156,P,S
MT854067,G,163,T,I
MT854067,G,166,Q,K
MT854067,G,167,A,T
MT854067,G,170,I,T
MT854067,G,179,T,I
MT854067,G,194,L,P
MT854067,G,197,K,R
MT854067,G,204,Q,L
MT854067,G,207,K,R
MT854067,G,209,L,P
MT854067,G,230,L,P
MT854067,G,236,P,S
MT854067,G,240,P,L
MT854067,G,254,_,E
MT854067,G,257,Y,C
MT854067,G,260,P,T
MT854067,G,263,Q,K
MT854067,G,268,S,T
MT854067,G,272,W,R
MT854067,G,278,L,P
MT854067,G,284,Q,_
MT854067,G,286,L,H
MT854067,G,287,L,H
MT854067,G,290,L,I
MT854068,G,105,L,P
MT854068,G,110,V,A
MT854068,G,111,P,S
MT854068,G,112,L,P
MT854068,G,114,R,C
MT854068,G,115,L,P
MT854068,G,116,K,E
MT854068,G,120,K,N
MT854068,G,121,S,P
MT854068,G,131,E,V
MT854068,G,132,S,L
MT854068,G,136,C,H
MT854068,G,143,P,S
MT854068,G,149,L,P
MT854068,G,151,H,Y
MT854068,G,152,N,Y
MT854068,G,153,P,L
MT854068,G,155,S,N
MT854068,G,163,T,I
MT854068,G,166,Q,K
MT854068,G,167,A,T
MT854068,G,170,I,T
MT854068,G,179,T,I
MT854068,G,194,L,P
MT854068,G,197,K,R
MT854068,G,204,Q,L
MT854068,G,209,L,P
MT854068,G,230,L,Q
MT854068,G,236,P,S
MT854068,G,237,P,L
MT854068,G,240,P,L
MT854068,G,242,K,E
MT854068,G,249,P,L
MT854068,G,254,_,E
MT854068,G,257,Y,C
MT854068,G,268,S,T
MT854068,G,272,W,R
MT854068,G,278,L,P
MT854068,G,284,Q,_
MT854068,G,286,L,H
MT854068,G,287,L,H
MT854068,G,290,L,I
MT854068,G,296,H,Y
MT854069,G,105,L,P
MT854069,G,110,V,A
MT854069,G,111,P,S
MT854069,G,112,L,P
MT854069,G,114,R,C
MT854069,G,115,L,P
MT854069,G,116,K,E
MT854069,G,120,K,N
MT854069,G,121,S,P
MT854069,G,128,Q,_
MT854069,G,136,C,H
MT854069,G,143,P,S
MT854069,G,149,L,P
MT854069,G,151,H,Y
MT854069,G,152,N,Y
MT854069,G,153,P,L
MT854069,G,155,S,N
MT854069,G,163,T,I
MT854069,G,166,Q,K
MT854069,G,167,A,T
MT854069,G,170,I,T
MT854069,G,179,T,I
MT854069,G,194,L,P
MT854069,G,197,K,R
MT854069,G,204,Q,L
MT854069,G,209,L,P
MT854069,G,230,L,Q
MT854069,G,236,P,S
MT854069,G,240,P,L
MT854069,G,254,_,E
MT854069,G,257,Y,C
MT854069,G,260,P,T
MT854069,G,268,S,T
MT854069,G,272,W,R
MT854069,G,278,L,P
MT854069,G,280,P,S
MT854069,G,284,Q,_
MT854069,G,286,L,H
MT854069,G,287,L,H
MT854069,G,290,L,I
MT854069,G,296,H,Y
MT854070,G,105,L,P
MT854070,G,110,V,A
MT854070,G,111,P,S
MT854070,G,112,L,P
MT854070,G,114,R,C
MT854070,G,115,L,P
MT854070,G,116,K,E
MT854070,G,120,K,N
MT854070,G,121,S,P
MT854070,G,125,_,Q
MT854070,G,136,C,H
MT854070,G,143,P,S
MT854070,G,149,L,P
MT854070,G,151,H,Y
MT854070,G,153,P,L
MT854070,G,155,S,N
MT854070,G,163,T,I
MT854070,G,166,Q,K
MT854070,G,167,A,T
MT854070,G,170,I,T
MT854070,G,179,T,I
MT854070,G,183,A,V
MT854070,G,194,L,P
MT854070,G,197,K,R
MT854070,G,204,Q,L
MT854070,G,209,L,P
MT854070,G,230,L,Q
MT854070,G,236,P,S
MT854070,G,254,_,E
MT854070,G,257,Y,C
MT854070,G,268,S,T
MT854070,G,272,W,R
MT854070,G,278,L,P
MT854070,G,284,Q,_
MT854070,G,286,L,H
MT854070,G,287,L,H
MT854070,G,290,L,I
MT854070,G,296,H,Y
MT854071,G,105,L,P
MT854071,G,110,V,A
MT854071,G,111,P,S
MT854071,G,112,L,P
MT854071,G,114,R,C
MT854071,G,115,L,P
MT854071,G,120,K,N
MT854071,G,121,S,P
MT854071,G,128,Q,_
MT854071,G,136,C,H
MT854071,G,143,P,S
MT854071,G,149,L,P
MT854071,G,151,H,Y
MT854071,G,152,N,Y
MT854071,G,153,P,L
MT854071,G,155,S,N
MT854071,G,163,T,I
MT854071,G,166,Q,K
MT854071,G,167,A,T
MT854071,G,170,I,T
MT854071,G,179,T,I
MT854071,G,194,L,P
MT854071,G,197,K,R
MT854071,G,204,Q,L
MT854071,G,209,L,P
MT854071,G,230,L,Q
MT854071,G,236,P,S
MT854071,G,240,P,L
MT854071,G,254,_,E
MT854071,G,257,Y,C
MT854071,G,268,S,T
MT854071,G,272,W,R
MT854071,G,278,L,P
MT854071,G,284,Q,_
MT854071,G,286,L,H
MT854071,G,287,L,H
MT854071,G,290,L,I
MT854071,G,296,H,Y
MT854072,G,105,L,P
MT854072,G,110,V,A
MT854072,G,111,P,S
MT854072,G,112,L,P
MT854072,G,114,R,C
MT854072,G,115,L,P
MT854072,G,116,K,E
MT854072,G,120,K,N
MT854072,G,121,S,P
MT854072,G,125,_,Q
MT854072,G,136,C,H
MT854072,G,143,P,S
MT854072,G,149,L,P
MT854072,G,151,H,Y
MT854072,G,153,P,L
MT854072,G,155,S,N
MT854072,G,163,T,I
MT854072,G,166,Q,K
MT854072,G,167,A,T
MT854072,G,170,I,T
MT854072,G,179,T,I
MT854072,G,183,A,V
MT854072,G,194,L,P
MT854072,G,197,K,R
MT854072,G,204,Q,L
MT854072,G,209,L,P
MT854072,G,230,L,Q
MT854072,G,236,P,S
MT854072,G,254,_,E
MT854072,G,257,Y,C
MT854072,G,268,S,T
MT854072,G,272,W,K
MT854072,G,278,L,P
MT854072,G,286,L,H
MT854072,G,287,L,H
MT854072,G,290,L,I
MT854072,G,296,H,Y
MT854073,G,105,L,P
MT854073,G,110,V,A
MT854073,G,111,P,S
MT854073,G,112,L,P
MT854073,G,114,R,C
MT854073,G,115,L,P
MT854073,G,116,K,E
MT854073,G,120,K,N
MT854073,G,121,S,P
MT854073,G,131,E,V
MT854073,G,132,S,L
MT854073,G,136,C,H
MT854073,G,143,P,S
MT854073,G,149,L,P
MT854073,G,151,H,Y
MT854073,G,152,N,Y
MT854073,G,153,P,L
MT854073,G,155,S,N
MT854073,G,163,T,I
MT854073,G,166,Q,K
MT854073,G,167,A,T
MT854073,G,170,I,T
MT854073,G,179,T,I
MT854073,G,194,L,P
MT854073,G,197,K,R
MT854073,G,204,Q,L
MT854073,G,209,L,P
MT854073,G,210,P,S
MT854073,G,230,L,Q
MT854073,G,236,P,S
MT854073,G,237,P,L
MT854073,G,240,P,L
MT854073,G,242,K,E
MT854073,G,249,P,L
MT854073,G,254,_,E
MT854073,G,257,Y,C
MT854073,G,260,P,T
MT854073,G,268,S,T
MT854073,G,272,W,G
MT854073,G,278,L,P
MT854073,G,284,Q,_
MT854073,G,286,L,H
MT854073,G,287,L,H
MT854073,G,290,L,I
MT854073,G,296,H,Y
MT854074,G,105,L,P
MT854074,G,110,V,A
MT854074,G,111,P,S
MT854074,G,112,L,P
MT854074,G,114,R,C
MT854074,G,115,L,P
MT854074,G,116,K,E
MT854074,G,120,K,N
MT854074,G,121,S,P
MT854074,G,131,E,V
MT854074,G,132,S,L
MT854074,G,136,C,H
MT854074,G,143,P,S
MT854074,G,149,L,P
MT854074,G,151,H,Y
MT854074,G,152,N,Y
MT854074,G,153,P,L
MT854074,G,155,S,N
MT854074,G,163,T,I
MT854074,G,166,Q,K
MT854074,G,167,A,T
MT854074,G,170,I,T
MT854074,G,179,T,I
MT854074,G,194,L,P
MT854074,G,197,K,R
MT854074,G,204,Q,L
MT854074,G,209,L,P
MT854074,G,216,Q,K
MT854074,G,230,L,Q
MT854074,G,236,P,S
MT854074,G,237,P,L
MT854074,G,240,P,L
MT854074,G,242,K,E
MT854074,G,249,P,L
MT854074,G,254,_,E
MT854074,G,257,Y,C
MT854074,G,268,S,T
MT854074,G,272,W,G
MT854074,G,278,L,P
MT854074,G,284,Q,_
MT854074,G,286,L,H
MT854074,G,287,L,H
MT854074,G,290,L,I
MT854074,G,296,H,Y
MT854075,G,105,L,P
MT854075,G,110,V,A
MT854075,G,111,P,S
MT854075,G,112,L,P
MT854075,G,114,R,C
MT854075,G,115,L,P
MT854075,G,116,K,E
MT854075,G,120,K,N
MT854075,G,121,S,P
MT854075,G,131,E,V
MT854075,G,132,S,L
MT854075,G,136,C,H
MT854075,G,143,P,S
MT854075,G,149,L,P
MT854075,G,151,H,Y
MT854075,G,152,N,Y
MT854075,G,153,P,L
MT854075,G,155,S,N
MT854075,G,163,T,I
MT854075,G,166,Q,K
MT854075,G,167,A,T
MT854075,G,170,I,T
MT854075,G,179,T,I
MT854075,G,194,L,P
MT854075,G,197,K,R
MT854075,G,204,Q,L
MT854075,G,209,L,P
MT854075,G,230,L,Q
MT854075,G,236,P,S
MT854075,G,237,P,L
MT854075,G,240,P,L
MT854075,G,242,K,E
MT854075,G,249,P,L
MT854075,G,254,_,E
MT854075,G,257,Y,C
MT854075,G,268,S,T
MT854075,G,272,W,R
MT854075,G,278,L,P
MT854075,G,284,Q,_
MT854075,G,286,L,H
MT854075,G,287,L,H
MT854075,G,290,L,I
MT854075,G,296,H,Y
MT854076,G,110,V,A
MT854076,G,111,P,S
MT854076,G,112,L,P
MT854076,G,114,R,C
MT854076,G,115,L,P
MT854076,G,120,K,N
MT854076,G,121,S,P
MT854076,G,128,Q,_
MT854076,G,136,C,H
MT854076,G,143,P,S
MT854076,G,149,L,P
MT854076,G,151,H,Y
MT854076,G,152,N,Y
MT854076,G,153,P,L
MT854076,G,155,S,N
MT854076,G,163,T,I
MT854076,G,166,Q,K
MT854076,G,167,A,T
MT854076,G,170,I,T
MT854076,G,179,T,I
MT854076,G,194,L,P
MT854076,G,197,K,R
MT854076,G,204,Q,L
MT854076,G,209,L,P
MT854076,G,230,L,Q
MT854076,G,236,P,S
MT854076,G,240,P,L
MT854076,G,254,_,E
MT854076,G,257,Y,C
MT854076,G,268,S,T
MT854076,G,272,W,R
MT854076,G,278,L,P
MT854076,G,284,Q,_
MT854076,G,286,L,H
MT854076,G,287,L,H
MT854076,G,290,L,I
MT854076,G,296,H,Y
MT854077,G,105,L,P
MT854077,G,110,V,A
MT854077,G,111,P,S
MT854077,G,112,L,P
MT854077,G,114,R,C
MT854077,G,115,L,P
MT854077,G,120,K,N
MT854077,G,121,S,P
MT854077,G,128,Q,_
MT854077,G,136,C,H
MT854077,G,143,P,S
MT854077,G,149,L,P
MT854077,G,151,H,Y
MT854077,G,152,N,Y
MT854077,G,155,S,N
MT854077,G,163,T,I
MT854077,G,166,Q,K
MT854077,G,167,A,T
MT854077,G,170,I,T
MT854077,G,179,T,I
MT854077,G,187,A,V
MT854077,G,194,L,P
MT854077,G,197,K,R
MT854077,G,204,Q,L
MT854077,G,209,L,P
MT854077,G,230,L,Q
MT854077,G,236,P,S
MT854077,G,240,P,L
MT854077,G,254,_,E
MT854077,G,257,Y,C
MT854077,G,268,S,T
MT854077,G,272,W,R
MT854077,G,278,L,P
MT854077,G,286,L,H
MT854077,G,287,L,H
MT854077,G,290,L,I
MT854078,G,105,L,P
MT854078,G,110,V,A
MT854078,G,111,P,S
MT854078,G,112,L,P
MT854078,G,114,R,C
MT854078,G,115,L,P
MT854078,G,116,K,E
MT854078,G,120,K,N
MT854078,G,121,S,P
MT854078,G,131,E,V
MT854078,G,132,S,L
MT854078,G,136,C,H
MT854078,G,143,P,S
MT854078,G,149,L,P
MT854078,G,151,H,Y
MT854078,G,152,N,Y
MT854078,G,153,P,L
MT854078,G,155,S,N
MT854078,G,163,T,I
MT854078,G,166,Q,K
MT854078,G,167,A,T
MT854078,G,170,I,T
MT854078,G,179,T,I
MT854078,G,194,L,P
MT854078,G,197,K,R
MT854078,G,204,Q,L
MT854078,G,209,L,P
MT854078,G,216,Q,K
MT854078,G,230,L,Q
MT854078,G,236,P,S
MT854078,G,237,P,L
MT854078,G,240,P,L
MT854078,G,254,_,E
MT854078,G,257,Y,C
MT854078,G,268,S,T
MT854078,G,272,W,R
MT854078,G,278,L,P
MT854078,G,284,Q,_
MT854078,G,286,L,H
MT854078,G,287,L,H
MT854078,G,290,L,I
MT854078,G,296,H,Y
MT854079,G,105,L,P
MT854079,G,110,V,A
MT854079,G,111,P,S
MT854079,G,112,L,P
MT854079,G,114,R,C
MT854079,G,115,L,P
MT854079,G,116,K,E
MT854079,G,120,K,N
MT854079,G,121,S,P
MT854079,G,127,Q,_
MT854079,G,136,C,H
MT854079,G,143,P,S
MT854079,G,149,L,P
MT854079,G,151,H,Y
MT854079,G,152,N,Y
MT854079,G,153,P,L
MT854079,G,155,S,N
MT854079,G,163,T,I
MT854079,G,166,Q,K
MT854079,G,167,A,T
MT854079,G,170,I,T
MT854079,G,179,T,I
MT854079,G,194,L,P
MT854079,G,197,K,R
MT854079,G,204,Q,L
MT854079,G,209,L,P
MT854079,G,230,L,Q
MT854079,G,236,P,S
MT854079,G,237,P,L
MT854079,G,240,P,L
MT854079,G,242,K,E
MT854079,G,249,P,L
MT854079,G,254,_,E
MT854079,G,257,Y,C
MT854079,G,268,S,T
MT854079,G,272,W,R
MT854079,G,278,L,P
MT854079,G,284,Q,_
MT854079,G,286,L,H
MT854079,G,287,L,H
MT854079,G,290,L,I
MT854079,G,296,H,Y
MT854080,G,105,L,P
MT854080,G,110,V,A
MT854080,G,111,P,S
MT854080,G,112,L,P
MT854080,G,114,R,C
MT854080,G,115,L,P
MT854080,G,120,K,N
MT854080,G,121,S,P
MT854080,G,128,Q,_
MT854080,G,136,C,H
MT854080,G,143,P,S
MT854080,G,149,L,P
MT854080,G,151,H,Y
MT854080,G,152,N,Y
MT854080,G,153,P,L
MT854080,G,155,S,N
MT854080,G,163,T,I
MT854080,G,166,Q,K
MT854080,G,167,A,T
MT854080,G,170,I,T
MT854080,G,179,T,I
MT854080,G,194,L,P
MT854080,G,197,K,R
MT854080,G,204,Q,L
MT854080,G,209,L,P
MT854080,G,230,L,Q
MT854080,G,236,P,S
MT854080,G,240,P,L
MT854080,G,254,_,E
MT854080,G,257,Y,C
MT854080,G,268,S,T
MT854080,G,272,W,R
MT854080,G,278,L,P
MT854080,G,284,Q,_
MT854080,G,286,L,H
MT854080,G,287,L,H
MT854080,G,290,L,I
MT854080,G,296,H,Y
MT854081,G,105,L,P
MT854081,G,110,V,A
MT854081,G,111,P,S
MT854081,G,112,L,P
MT854081,G,114,R,C
MT854081,G,115,L,P
MT854081,G,120,K,N
MT854081,G,121,S,P
MT854081,G,128,Q,_
MT854081,G,136,C,H
MT854081,G,143,P,S
MT854081,G,149,L,P
MT854081,G,151,H,Y
MT854081,G,152,N,Y
MT854081,G,153,P,L
MT854081,G,155,S,N
MT854081,G,163,T,I
MT854081,G,166,Q,K
MT854081,G,167,A,T
MT854081,G,170,I,T
MT854081,G,179,T,I
MT854081,G,194,L,P
MT854081,G,197,K,R
MT854081,G,204,Q,L
MT854081,G,209,L,P
MT854081,G,230,L,Q
MT854081,G,236,P,S
MT854081,G,240,P,L
MT854081,G,254,_,E
MT854081,G,257,Y,C
MT854081,G,268,S,T
MT854081,G,272,W,R
MT854081,G,278,L,P
MT854081,G,284,Q,_
MT854081,G,286,L,H
MT854081,G,287,L,H
MT854081,G,290,L,I
MT854081,G,296,H,Y
MT854082,G,84,G,C
MT854082,G,95,K,E
MT854082,G,96,K,E
MT854082,G,98,H,N
MT854082,G,105,P,L
MT854082,G,111,L,P
MT854082,G,116,Y,H
MT854082,G,131,Q,_
MT854082,G,132,H,Y
MT854082,G,134,V,I
MT854082,G,139,H,Y
MT854082,G,148,H,L
MT854082,G,149,H,Y
MT854082,G,150,L,S
MT854082,G,153,D,E
MT854082,G,157,E,K
MT854082,G,162,P,S
MT854082,G,168,KT,
MT854082,G,197,_,Q
MT854082,G,203,Q,_
MT854082,G,207,E,K
MT854082,G,211,Q,K
MT854082,G,217,N,T
MT854082,G,233,D,T
MT854082,G,238,Y,H
MT854082,G,240,Q,_
MT854082,G,248,H,Q
MT854082,G,257,L,P
MT854082,G,268,R,K
MT854082,G,270,H,Y
MT854082,G,277,P,L
MT854082,G,298,Y,H
MT854083,G,84,G,C
MT854083,G,95,K,E
MT854083,G,98,H,N
MT854083,G,105,P,L
MT854083,G,111,L,P
MT854083,G,114,T,P
MT854083,G,116,Y,H
MT854083,G,119,I,T
MT854083,G,126,S,G
MT854083,G,132,H,Y
MT854083,G,134,V,I
MT854083,G,139,H,Y
MT854083,G,148,H,L
MT854083,G,150,L,S
MT854083,G,153,D,E
MT854083,G,157,E,K
MT854083,G,162,P,S
MT854083,G,168,KT,
MT854083,G,197,_,Q
MT854083,G,203,Q,_
MT854083,G,207,E,K
MT854083,G,211,Q,K
MT854083,G,217,N,T
MT854083,G,233,D,T
MT854083,G,238,Y,H
MT854083,G,240,Q,_
MT854083,G,248,H,Q
MT854083,G,257,L,P
MT854083,G,268,R,K
MT854083,G,270,H,Y
MT854083,G,277,P,L
MT854083,G,298,Y,H
MT854084,G,84,G,C
MT854084,G,95,K,E
MT854084,G,98,H,N
MT854084,G,105,P,L
MT854084,G,111,L,P
MT854084,G,116,Y,H
MT854084,G,119,I,T
MT854084,G,126,S,G
MT854084,G,132,H,Y
MT854084,G,134,V,I
MT854084,G,139,H,Y
MT854084,G,148,H,L
MT854084,G,150,L,S
MT854084,G,153,D,E
MT854084,G,157,E,K
MT854084,G,162,P,S
MT854084,G,168,KT,
MT854084,G,197,_,Q
MT854084,G,203,Q,_
MT854084,G,207,E,K
MT854084,G,211,Q,K
MT854084,G,217,N,T
MT854084,G,233,D,T
MT854084,G,238,Y,H
MT854084,G,240,Q,_
MT854084,G,248,H,Q
MT854084,G,257,L,P
MT854084,G,268,R,K
MT854084,G,270,H,Y
MT854084,G,277,P,L
MT854084,G,298,Y,H
MT854085,G,84,G,C
MT854085,G,95,K,E
MT854085,G,98,H,N
MT854085,G,105,P,L
MT854085,G,111,L,P
MT854085,G,116,Y,H
MT854085,G,119,I,T
MT854085,G,126,S,G
MT854085,G,132,H,Y
MT854085,G,134,V,I
MT854085,G,139,H,Y
MT854085,G,148,H,L
MT854085,G,150,L,S
MT854085,G,153,D,E
MT854085,G,157,E,K
MT854085,G,162,P,S
MT854085,G,168,KT,
MT854085,G,197,_,Q
MT854085,G,203,Q,_
MT854085,G,207,E,K
MT854085,G,211,Q,K
MT854085,G,217,N,T
MT854085,G,233,D,T
MT854085,G,238,Y,H
MT854085,G,240,Q,_
MT854085,G,248,H,Q
MT854085,G,257,L,P
MT854085,G,263,R,Q
MT854085,G,268,R,K
MT854085,G,270,H,Y
MT854085,G,277,P,L
MT854085,G,298,Y,H
MT854086,G,84,G,C
MT854086,G,95,K,E
MT854086,G,98,H,N
MT854086,G,105,P,L
MT854086,G,111,L,P
MT854086,G,116,Y,H
MT854086,G,119,I,T
MT854086,G,126,S,G
MT854086,G,132,H,Y
MT854086,G,134,V,I
MT854086,G,139,H,Y
MT854086,G,148,H,L
MT854086,G,153,D,E
MT854086,G,157,E,K
MT854086,G,162,P,S
MT854086,G,168,KT,
MT854086,G,197,_,Q
MT854086,G,203,Q,_
MT854086,G,207,E,K
MT854086,G,211,Q,K
MT854086,G,217,N,T
MT854086,G,238,Y,H
MT854086,G,240,Q,_
MT854086,G,248,H,Q
MT854086,G,257,L,P
MT854086,G,268,R,K
MT854086,G,270,H,Y
MT854086,G,277,P,L
MT854086,G,298,Y,H
MT854087,G,84,G,C
MT854087,G,95,K,E
MT854087,G,98,H,N
MT854087,G,105,P,L
MT854087,G,111,L,P
MT854087,G,116,Y,H
MT854087,G,119,I,T
MT854087,G,126,S,G
MT854087,G,132,H,Y
MT854087,G,134,V,I
MT854087,G,139,H,Y
MT854087,G,148,H,L
MT854087,G,153,D,E
MT854087,G,157,E,K
MT854087,G,162,P,S
MT854087,G,168,KT,
MT854087,G,197,_,Q
MT854087,G,203,Q,_
MT854087,G,207,E,K
MT854087,G,211,Q,K
MT854087,G,217,N,T
MT854087,G,238,Y,H
MT854087,G,240,Q,_
MT854087,G,248,H,Q
MT854087,G,257,L,P
MT854087,G,268,R,K
MT854087,G,270,H,Y
MT854087,G,277,P,L
MT854087,G,298,Y,H
MT854088,G,84,G,C
MT854088,G,95,K,E
MT854088,G,98,H,N
MT854088,G,105,P,L
MT854088,G,111,L,P
MT854088,G,113,Q,R
MT854088,G,116,Y,H
MT854088,G,119,I,T
MT854088,G,126,S,G
MT854088,G,132,H,Y
MT854088,G,134,V,I
MT854088,G,139,H,Y
MT854088,G,148,H,L
MT854088,G,153,D,E
MT854088,G,157,E,K
MT854088,G,162,P,S
MT854088,G,168,KT,
MT854088,G,197,_,Q
MT854088,G,203,Q,_
MT854088,G,207,E,K
MT854088,G,211,Q,K
MT854088,G,217,N,T
MT854088,G,233,D,T
MT854088,G,238,Y,H
MT854088,G,240,Q,_
MT854088,G,248,H,Q
MT854088,G,257,L,P
MT854088,G,268,R,K
MT854088,G,270,H,Y
MT854088,G,277,P,L
MT854088,G,298,Y,H
MT854089,G,84,G,C
MT854089,G,95,K,E
MT854089,G,98,H,N
MT854089,G,105,P,L
MT854089,G,111,L,P
MT854089,G,113,Q,R
MT854089,G,116,Y,H
MT854089,G,119,I,T
MT854089,G,126,S,G
MT854089,G,132,H,Y
MT854089,G,134,V,I
MT854089,G,139,H,Y
MT854089,G,148,H,L
MT854089,G,150,L,S
MT854089,G,153,D,E
MT854089,G,157,E,K
MT854089,G,162,P,S
MT854089,G,168,KT,
MT854089,G,197,_,Q
MT854089,G,203,Q,_
MT854089,G,207,E,K
MT854089,G,211,Q,K
MT854089,G,217,N,T
MT854089,G,233,D,T
MT854089,G,238,Y,H
MT854089,G,240,Q,_
MT854089,G,248,H,Q
MT854089,G,257,L,P
MT854089,G,268,R,K
MT854089,G,270,H,Y
MT854089,G,277,P,L
MT854089,G,298,Y,H
MT854090,G,84,G,C
MT854090,G,95,K,E
MT854090,G,98,H,N
MT854090,G,105,P,L
MT854090,G,111,L,P
MT854090,G,116,Y,H
MT854090,G,119,I,T
MT854090,G,126,S,G
MT854090,G,132,H,Y
MT854090,G,134,V,I
MT854090,G,139,H,Y
MT854090,G,148,H,L
MT854090,G,150,L,S
MT854090,G,153,D,E
MT854090,G,157,E,K
MT854090,G,162,P,S
MT854090,G,168,KT,
MT854090,G,197,_,Q
MT854090,G,203,Q,_
MT854090,G,207,E,K
MT854090,G,211,Q,K
MT854090,G,217,N,T
MT854090,G,233,D,T
MT854090,G,238,Y,H
MT854090,G,240,Q,_
MT854090,G,248,H,Q
MT854090,G,257,L,P
MT854090,G,268,R,K
MT854090,G,270,H,Y
MT854090,G,277,P,L
MT854090,G,298,Y,H
MT854091,G,84,G,C
MT854091,G,95,K,E
MT854091,G,98,H,N
MT854091,G,105,P,L
MT854091,G,111,L,P
MT854091,G,116,Y,H
MT854091,G,119,I,T
MT854091,G,126,S,G
MT854091,G,132,H,Y
MT854091,G,134,V,I
MT854091,G,139,H,Y
MT854091,G,150,L,S
MT854091,G,153,D,E
MT854091,G,157,E,K
MT854091,G,162,P,S
MT854091,G,168,KT,
MT854091,G,197,_,Q
MT854091,G,203,Q,_
MT854091,G,207,E,K
MT854091,G,211,Q,K
MT854091,G,217,N,T
MT854091,G,233,D,T
MT854091,G,238,Y,H
MT854091,G,240,Q,_
MT854091,G,248,H,Q
MT854091,G,257,L,P
MT854091,G,263,R,Q
MT854091,G,268,R,K
MT854091,G,270,H,Y
MT854091,G,277,P,L
MT854091,G,298,Y,H
MT854092,G,84,G,C
MT854092,G,95,K,E
MT854092,G,98,H,N
MT854092,G,105,P,L
MT854092,G,111,L,P
MT854092,G,116,Y,H
MT854092,G,119,I,T
MT854092,G,126,S,G
MT854092,G,132,H,Y
MT854092,G,134,V,I
MT854092,G,139,H,Y
MT854092,G,150,L,S
MT854092,G,153,D,E
MT854092,G,157,E,K
MT854092,G,162,P,S
MT854092,G,168,KT,
MT854092,G,197,_,Q
MT854092,G,203,Q,_
MT854092,G,207,E,K
MT854092,G,211,Q,K
MT854092,G,217,N,T
MT854092,G,233,D,T
MT854092,G,238,Y,H
MT854092,G,240,Q,_
MT854092,G,248,H,Q
MT854092,G,257,L,P
MT854092,G,263,R,Q
MT854092,G,268,R,K
MT854092,G,270,H,Y
MT854092,G,277,P,L
MT854092,G,298,Y,H
MT854093,G,84,G,C
MT854093,G,95,K,E
MT854093,G,98,H,N
MT854093,G,105,P,L
MT854093,G,111,L,P
MT854093,G,116,Y,H
MT854093,G,119,I,T
MT854093,G,126,S,G
MT854093,G,132,H,Y
MT854093,G,134,V,I
MT854093,G,139,H,Y
MT854093,G,150,L,S
MT854093,G,153,D,E
MT854093,G,157,E,K
MT854093,G,162,P,S
MT854093,G,168,KT,
MT854093,G,197,_,Q
MT854093,G,203,Q,_
MT854093,G,207,E,K
MT854093,G,211,Q,K
MT854093,G,217,N,T
MT854093,G,233,D,T
MT854093,G,238,Y,H
MT854093,G,240,Q,_
MT854093,G,248,H,Q
MT854093,G,257,L,P
MT854093,G,263,R,Q
MT854093,G,268,R,K
MT854093,G,270,H,Y
MT854093,G,277,P,L
MT854093,G,298,Y,H
MT854094,G,84,G,C
MT854094,G,95,K,E
MT854094,G,98,H,N
MT854094,G,105,P,L
MT854094,G,111,L,P
MT854094,G,116,Y,H
MT854094,G,119,I,T
MT854094,G,126,S,G
MT854094,G,132,H,Y
MT854094,G,134,V,I
MT854094,G,139,H,Y
MT854094,G,150,L,S
MT854094,G,153,D,E
MT854094,G,157,E,K
MT854094,G,162,P,S
MT854094,G,168,KT,
MT854094,G,197,_,Q
MT854094,G,203,Q,_
MT854094,G,207,E,K
MT854094,G,211,Q,K
MT854094,G,217,N,T
MT854094,G,233,D,T
MT854094,G,238,Y,H
MT854094,G,240,Q,_
MT854094,G,248,H,Q
MT854094,G,257,L,P
MT854094,G,263,R,Q
MT854094,G,268,R,K
MT854094,G,270,H,Y
MT854094,G,277,P,L
MT854094,G,298,Y,H
MT854095,G,84,G,C
MT854095,G,95,K,E
MT854095,G,98,H,N
MT854095,G,105,P,L
MT854095,G,111,L,P
MT854095,G,116,Y,H
MT854095,G,119,I,T
MT854095,G,126,S,G
MT854095,G,132,H,Y
MT854095,G,134,V,I
MT854095,G,139,H,Y
MT854095,G,150,L,S
MT854095,G,153,D,E
MT854095,G,157,E,K
MT854095,G,162,P,S
MT854095,G,168,KT,
MT854095,G,197,_,Q
MT854095,G,203,Q,_
MT854095,G,207,E,K
MT854095,G,211,Q,K
MT854095,G,217,N,T
MT854095,G,233,D,T
MT854095,G,238,Y,H
MT854095,G,240,Q,_
MT854095,G,248,H,Q
MT854095,G,261,C,Y
MT854095,G,262,A,T
MT854095,G,263,R,Q
MT854095,G,268,R,K
MT854096,G,84,G,C
MT854096,G,95,K,E
MT854096,G,98,H,N
MT854096,G,105,P,L
MT854096,G,108,K,R
MT854096,G,111,L,P
MT854096,G,116,Y,H
MT854096,G,119,I,T
MT854096,G,126,S,G
MT854096,G,132,H,Y
MT854096,G,134,V,I
MT854096,G,139,H,Y
MT854096,G,150,L,S
MT854096,G,153,D,E
MT854096,G,157,E,K
MT854096,G,162,P,S
MT854096,G,168,KT,
MT854096,G,197,_,Q
MT854096,G,203,Q,_
MT854096,G,207,E,K
MT854096,G,211,Q,K
MT854096,G,217,N,T
MT854096,G,233,D,T
MT854096,G,238,Y,H
MT854096,G,240,Q,_
MT854096,G,248,H,Q
MT854096,G,257,L,P
MT854096,G,261,C,Y
MT854096,G,262,A,T
MT854096,G,263,R,Q
MT854096,G,264,H,Y
MT854096,G,268,R,K
MT854097,G,84,G,C
MT854097,G,95,K,E
MT854097,G,98,H,N
MT854097,G,104,S,N
MT854097,G,105,P,L
MT854097,G,111,L,P
MT854097,G,116,Y,H
MT854097,G,119,I,T
MT854097,G,126,S,G
MT854097,G,132,H,Y
MT854097,G,134,V,I
MT854097,G,139,H,Y
MT854097,G,150,L,S
MT854097,G,153,D,E
MT854097,G,157,E,K
MT854097,G,168,KT,
MT854097,G,197,_,Q
MT854097,G,203,Q,_
MT854097,G,207,E,K
MT854097,G,211,Q,K
MT854097,G,217,N,T
MT854097,G,233,D,T
MT854097,G,238,Y,H
MT854097,G,240,Q,_
MT854097,G,248,H,Q
MT854097,G,257,L,P
MT854097,G,263,R,Q
MT854097,G,268,R,K
MT854097,G,270,H,Y
MT854097,G,277,P,L
MT854097,G,298,Y,H
MT854098,G,84,G,C
MT854098,G,95,K,E
MT854098,G,98,H,N
MT854098,G,104,S,N
MT854098,G,105,P,L
MT854098,G,111,L,P
MT854098,G,116,Y,H
MT854098,G,119,I,T
MT854098,G,126,S,G
MT854098,G,132,H,Y
MT854098,G,134,V,I
MT854098,G,139,H,Y
MT854098,G,150,L,S
MT854098,G,153,D,E
MT854098,G,157,E,K
MT854098,G,168,KT,
MT854098,G,197,_,Q
MT854098,G,203,Q,_
MT854098,G,207,E,K
MT854098,G,211,Q,K
MT854098,G,217,N,T
MT854098,G,233,D,T
MT854098,G,238,Y,H
MT854098,G,240,Q,_
MT854098,G,248,H,Q
MT854098,G,257,L,P
MT854098,G,263,R,Q
MT854098,G,268,R,K
MT854098,G,270,H,Y
MT854098,G,277,P,L
MT854098,G,298,Y,H
MT854099,G,84,G,C
MT854099,G,95,K,E
MT854099,G,98,H,N
MT854099,G,104,S,N
MT854099,G,105,P,L
MT854099,G,111,L,P
MT854099,G,116,Y,H
MT854099,G,119,I,T
MT854099,G,126,S,G
MT854099,G,132,H,Y
MT854099,G,134,V,I
MT854099,G,139,H,Y
MT854099,G,150,L,S
MT854099,G,153,D,E
MT854099,G,157,E,K
MT854099,G,168,KT,
MT854099,G,197,_,Q
MT854099,G,203,Q,_
MT854099,G,207,E,K
MT854099,G,211,Q,K
MT854099,G,217,N,T
MT854099,G,233,D,T
MT854099,G,238,Y,H
MT854099,G,240,Q,_
MT854099,G,248,H,Q
MT854099,G,257,L,P
MT854099,G,263,R,Q
MT854099,G,268,R,K
MT854099,G,270,H,Y
MT854099,G,276,P,S
MT854099,G,277,P,L
MT854099,G,298,Y,H
MT854100,G,84,G,C
MT854100,G,95,K,E
MT854100,G,98,H,N
MT854100,G,105,P,L
MT854100,G,111,L,P
MT854100,G,116,Y,H
MT854100,G,119,I,T
MT854100,G,126,S,G
MT854100,G,132,H,Y
MT854100,G,134,V,I
MT854100,G,139,H,Y
MT854100,G,148,H,L
MT854100,G,150,L,S
MT854100,G,153,D,E
MT854100,G,157,E,K
MT854100,G,162,P,S
MT854100,G,168,KT,
MT854100,G,197,_,Q
MT854100,G,203,Q,_
MT854100,G,207,E,K
MT854100,G,211,Q,K
MT854100,G,217,N,T
MT854100,G,233,D,T
MT854100,G,238,Y,H
MT854100,G,240,Q,_
MT854100,G,248,H,Q
MT854100,G,257,L,P
MT854100,G,268,R,K
MT854100,G,277,P,L
MT854100,G,298,Y,H
MT854101,G,84,G,C
MT854101,G,95,K,E
MT854101,G,98,H,N
MT854101,G,105,P,L
MT854101,G,111,L,P
MT854101,G,116,Y,H
MT854101,G,119,I,T
MT854101,G,126,S,G
MT854101,G,132,H,Y
MT854101,G,134,V,I
MT854101,G,139,H,Y
MT854101,G,148,H,L
MT854101,G,150,L,S
MT854101,G,153,D,E
MT854101,G,157,E,K
MT854101,G,162,P,S
MT854101,G,168,KT,
MT854101,G,197,_,Q
MT854101,G,203,Q,_
MT854101,G,207,E,K
MT854101,G,211,Q,K
MT854101,G,217,N,T
MT854101,G,233,D,T
MT854101,G,238,Y,H
MT854101,G,240,Q,_
MT854101,G,248,H,Q
MT854101,G,257,L,P
MT854101,G,268,R,K
MT854101,G,270,H,Y
MT854101,G,277,P,L
MT854101,G,292,H,R
MT854101,G,298,Y,H
MT854102,G,84,G,C
MT854102,G,95,K,E
MT854102,G,98,H,N
MT854102,G,105,P,L
MT854102,G,111,L,P
MT854102,G,113,Q,R
MT854102,G,116,Y,H
MT854102,G,119,I,T
MT854102,G,126,S,G
MT854102,G,132,H,Y
MT854102,G,134,V,I
MT854102,G,139,H,Y
MT854102,G,148,H,L
MT854102,G,150,L,S
MT854102,G,153,D,E
MT854102,G,157,E,K
MT854102,G,162,P,S
MT854102,G,168,KT,
MT854102,G,197,_,Q
MT854102,G,203,Q,_
MT854102,G,207,E,K
MT854102,G,211,Q,K
MT854102,G,217,N,T
MT854102,G,233,D,T
MT854102,G,238,Y,H
MT854102,G,240,Q,_
MT854102,G,248,H,Q
MT854102,G,257,L,P
MT854102,G,265,N,T
MT854102,G,268,R,K
MT854102,G,277,P,L
MT854102,G,283,K,E
MT854102,G,298,Y,H
MT854103,G,84,G,C
MT854103,G,95,K,E
MT854103,G,98,H,N
MT854103,G,105,P,L
MT854103,G,111,L,P
MT854103,G,116,Y,H
MT854103,G,119,I,T
MT854103,G,126,S,G
MT854103,G,132,H,Y
MT854103,G,134,V,I
MT854103,G,139,H,Y
MT854103,G,150,L,S
MT854103,G,153,D,E
MT854103,G,157,E,K
MT854103,G,162,P,S
MT854103,G,168,KT,
MT854103,G,197,_,Q
MT854103,G,203,Q,_
MT854103,G,207,E,K
MT854103,G,211,Q,K
MT854103,G,217,N,T
MT854103,G,233,D,T
MT854103,G,238,Y,H
MT854103,G,240,Q,_
MT854103,G,248,H,Q
MT854103,G,257,L,P
MT854103,G,261,C,Y
MT854103,G,262,A,T
MT854103,G,263,R,Q
MT854103,G,264,H,Y
MT854103,G,268,R,K
MT854104,G,84,G,C
MT854104,G,95,K,E
MT854104,G,98,H,N
MT854104,G,105,P,L
MT854104,G,111,L,P
MT854104,G,113,Q,R
MT854104,G,116,Y,H
MT854104,G,119,I,T
MT854104,G,126,S,G
MT854104,G,132,H,Y
MT854104,G,134,V,I
MT854104,G,139,H,Y
MT854104,G,148,H,L
MT854104,G,153,D,E
MT854104,G,157,E,K
MT854104,G,162,P,S
MT854104,G,168,KT,
MT854104,G,197,_,Q
MT854104,G,203,Q,_
MT854104,G,207,E,K
MT854104,G,211,Q,K
MT854104,G,217,N,T
MT854104,G,233,D,T
MT854104,G,238,Y,H
MT854104,G,240,Q,_
MT854104,G,248,H,Q
MT854104,G,257,L,P
MT854104,G,261,C,Y
MT854104,G,262,A,T
MT854104,G,263,R,Q
MT854104,G,268,R,K
MT854105,G,84,G,C
MT854105,G,95,K,E
MT854105,G,98,H,N
MT854105,G,105,P,L
MT854105,G,111,L,P
MT854105,G,113,Q,R
MT854105,G,116,Y,H
MT854105,G,119,I,T
MT854105,G,126,S,G
MT854105,G,132,H,Y
MT854105,G,134,V,I
MT854105,G,139,H,Y
MT854105,G,148,H,L
MT854105,G,150,L,S
MT854105,G,153,D,E
MT854105,G,157,E,K
MT854105,G,162,P,S
MT854105,G,168,KT,
MT854105,G,197,_,Q
MT854105,G,203,Q,_
MT854105,G,207,E,K
MT854105,G,211,Q,K
MT854105,G,217,N,T
MT854105,G,233,D,I
MT854105,G,238,Y,H
MT854105,G,240,Q,_
MT854105,G,248,H,Q
MT854105,G,257,L,P
MT854105,G,268,R,K
MT854105,G,277,P,L
MT854105,G,296,A,T
MT854105,G,298,Y,H
MT854106,G,84,G,C
MT854106,G,95,K,E
MT854106,G,98,H,N
MT854106,G,105,P,L
MT854106,G,111,L,P
MT854106,G,116,Y,H
MT854106,G,119,I,T
MT854106,G,126,S,G
MT854106,G,132,H,Y
MT854106,G,134,V,I
MT854106,G,139,H,Y
MT854106,G,148,H,L
MT854106,G,150,L,S
MT854106,G,153,D,E
MT854106,G,157,E,K
MT854106,G,162,P,S
MT854106,G,168,KT,
MT854106,G,197,_,Q
MT854106,G,203,Q,_
MT854106,G,207,E,K
MT854106,G,211,Q,K
MT854106,G,217,N,T
MT854106,G,233,D,T
MT854106,G,238,Y,H
MT854106,G,240,Q,_
MT854106,G,242,N,Y
MT854106,G,248,H,Q
MT854106,G,257,L,P
MT854106,G,268,R,K
MT854106,G,270,H,Y
MT854106,G,275,I,T
MT854106,G,277,P,L
MT854106,G,290,N,T
MT854106,G,294,I,L
MT854107,G,84,G,C
MT854107,G,95,K,E
MT854107,G,98,H,N
MT854107,G,105,P,L
MT854107,G,111,L,P
MT854107,G,114,T,P
MT854107,G,116,Y,H
MT854107,G,119,I,T
MT854107,G,125,F,L
MT854107,G,131,Q,_
MT854107,G,132,H,Y
MT854107,G,134,V,I
MT854107,G,139,H,Y
MT854107,G,148,H,L
MT854107,G,149,H,Y
MT854107,G,150,L,S
MT854107,G,153,D,E
MT854107,G,157,E,K
MT854107,G,162,P,S
MT854107,G,168,KT,
MT854107,G,197,_,Q
MT854107,G,207,E,K
MT854107,G,210,H,Y
MT854107,G,211,Q,K
MT854107,G,217,N,T
MT854107,G,227,K,Q
MT854107,G,233,D,T
MT854107,G,238,Y,H
MT854107,G,247,P,S
MT854107,G,248,H,Q
MT854107,G,257,L,P
MT854107,G,268,R,K
MT854107,G,277,P,L
MT854107,G,286,Q,K
MT854107,G,298,Y,H
MT854108,G,84,G,C
MT854108,G,95,K,E
MT854108,G,98,H,N
MT854108,G,105,P,F
MT854108,G,111,L,P
MT854108,G,114,T,P
MT854108,G,116,Y,H
MT854108,G,119,I,T
MT854108,G,125,F,L
MT854108,G,131,Q,_
MT854108,G,132,H,Y
MT854108,G,134,V,I
MT854108,G,139,H,Y
MT854108,G,148,H,L
MT854108,G,149,H,Y
MT854108,G,150,L,S
MT854108,G,153,D,E
MT854108,G,155,Q,_
MT854108,G,157,E,K
MT854108,G,162,P,S
MT854108,G,168,KT,
MT854108,G,197,_,Q
MT854108,G,203,Q,_
MT854108,G,207,E,K
MT854108,G,210,H,Y
MT854108,G,211,Q,K
MT854108,G,217,N,T
MT854108,G,225,R,K
MT854108,G,226,P,L
MT854108,G,227,K,Q
MT854108,G,233,D,T
MT854108,G,238,Y,H
MT854108,G,240,Q,_
MT854109,G,105,P,L
MT854109,G,111,L,P
MT854109,G,113,Q,R
MT854109,G,114,T,P
MT854109,G,116,Y,H
MT854109,G,119,I,T
MT854109,G,125,F,L
MT854109,G,131,Q,_
MT854109,G,132,H,Y
MT854109,G,134,V,I
MT854109,G,139,H,Y
MT854109,G,148,H,L
MT854109,G,149,H,Y
MT854109,G,150,L,S
MT854109,G,153,D,E
MT854109,G,157,E,K
MT854109,G,162,P,S
MT854109,G,168,KT,
MT854109,G,197,_,Q
MT854109,G,203,Q,_
MT854109,G,207,E,K
MT854109,G,210,H,Y
MT854109,G,211,Q,K
MT854109,G,217,N,T
MT854109,G,227,K,_
MT854109,G,233,D,T
MT854109,G,238,Y,H
MT854109,G,240,Q,_
MT854109,G,248,H,Q
MT854109,G,257,L,P
MT854109,G,268,R,K
MT854109,G,277,P,L
MT854109,G,279,N,T
MT854109,G,286,Q,K
MT854109,G,298,Y,H
MT854110,G,84,G,C
MT854110,G,91,K,E
MT854110,G,95,K,E
MT854110,G,98,H,N
MT854110,G,105,P,L
MT854110,G,111,L,P
MT854110,G,114,T,P
MT854110,G,116,Y,H
MT854110,G,119,I,T
MT854110,G,125,F,L
MT854110,G,131,Q,_
MT854110,G,132,H,Y
MT854110,G,134,V,I
MT854110,G,139,H,Y
MT854110,G,141,S,R
MT854110,G,148,H,L
MT854110,G,149,H,Y
MT854110,G,150,L,S
MT854110,G,153,D,E
MT854110,G,157,E,K
MT854110,G,162,P,S
MT854110,G,168,KT,
MT854110,G,197,_,Q
MT854110,G,203,Q,_
MT854110,G,207,E,K
MT854110,G,210,H,Y
MT854110,G,211,Q,K
MT854110,G,217,N,T
MT854110,G,227,K,_
MT854110,G,233,D,T
MT854110,G,238,Y,H
MT854110,G,240,Q,_
MT854110,G,243,K,N
MT854110,G,248,H,Q
MT854110,G,257,L,P
MT854110,G,268,R,K
MT854110,G,277,P,L
MT854110,G,282,R,_
MT854110,G,286,Q,K
MT854110,G,298,Y,H
MT854111,G,84,G,C
MT854111,G,91,K,E
MT854111,G,95,K,E
MT854111,G,98,H,N
MT854111,G,105,P,L
MT854111,G,111,L,P
MT854111,G,114,T,P
MT854111,G,116,Y,H
MT854111,G,119,I,T
MT854111,G,125,F,L
MT854111,G,131,Q,_
MT854111,G,132,H,Y
MT854111,G,134,V,I
MT854111,G,139,H,Y
MT854111,G,141,S,R
MT854111,G,148,H,L
MT854111,G,149,H,Y
MT854111,G,150,L,S
MT854111,G,153,D,E
MT854111,G,157,E,K
MT854111,G,162,P,S
MT854111,G,168,KT,
MT854111,G,197,_,Q
MT854111,G,203,Q,_
MT854111,G,207,E,K
MT854111,G,210,H,Y
MT854111,G,211,Q,K
MT854111,G,217,N,T
MT854111,G,227,K,_
MT854111,G,233,D,T
MT854111,G,238,Y,H
MT854111,G,240,Q,_
MT854111,G,243,K,N
MT854111,G,248,H,Q
MT854111,G,257,L,P
MT854111,G,268,R,K
MT854111,G,277,P,L
MT854111,G,282,R,_
MT854111,G,286,Q,K
MT854111,G,298,Y,H
MT854112,G,84,G,C
MT854112,G,95,K,E
MT854112,G,98,H,N
MT854112,G,105,P,F
MT854112,G,111,L,P
MT854112,G,114,T,P
MT854112,G,116,Y,H
MT854112,G,119,I,T
MT854112,G,125,F,L
MT854112,G,131,Q,_
MT854112,G,132,H,Y
MT854112,G,134,V,I
MT854112,G,139,H,Y
MT854112,G,148,H,L
MT854112,G,149,H,Y
MT854112,G,150,L,S
MT854112,G,153,D,E
MT854112,G,155,Q,_
MT854112,G,157,E,K
MT854112,G,162,P,S
MT854112,G,168,KT,
MT854112,G,197,_,Q
MT854112,G,203,Q,_
MT854112,G,207,E,K
MT854112,G,210,H,Y
MT854112,G,211,Q,K
MT854112,G,217,N,T
MT854112,G,225,R,K
MT854112,G,226,P,L
MT854112,G,227,K,Q
MT854112,G,233,D,T
MT854112,G,238,Y,H
MT854112,G,240,Q,_
MT854112,G,248,H,Q
MT854112,G,257,L,P
MT854112,G,268,R,K
MT854112,G,277,P,L
MT854112,G,281,P,L
MT854112,G,286,Q,K
MT854112,G,298,Y,H
MT854113,G,84,G,C
MT854113,G,95,K,E
MT854113,G,96,K,E
MT854113,G,98,H,N
MT854113,G,105,P,L
MT854113,G,111,L,P
MT854113,G,114,T,P
MT854113,G,115,T,N
MT854113,G,116,Y,H
MT854113,G,119,I,T
MT854113,G,125,F,L
MT854113,G,131,Q,_
MT854113,G,132,H,Y
MT854113,G,134,V,I
MT854113,G,139,H,Y
MT854113,G,148,H,L
MT854113,G,149,H,Y
MT854113,G,150,L,S
MT854113,G,153,D,E
MT854113,G,157,E,K
MT854113,G,162,P,S
MT854113,G,168,KT,
MT854113,G,197,_,Q
MT854113,G,203,Q,_
MT854113,G,207,E,K
MT854113,G,210,H,Y
MT854113,G,211,Q,K
MT854113,G,217,N,T
MT854113,G,227,K,_
MT854113,G,233,D,T
MT854113,G,238,Y,H
MT854113,G,240,Q,_
MT854113,G,248,H,Q
MT854113,G,257,L,P
MT854113,G,268,R,K
MT854113,G,277,P,L
MT854113,G,286,Q,K
MT854113,G,298,Y,H
MT854114,G,84,G,C
MT854114,G,95,K,E
MT854114,G,96,K,E
MT854114,G,98,H,N
MT854114,G,105,P,L
MT854114,G,111,L,P
MT854114,G,114,T,P
MT854114,G,115,T,N
MT854114,G,116,Y,H
MT854114,G,119,I,T
MT854114,G,125,F,L
MT854114,G,131,Q,_
MT854114,G,132,H,Y
MT854114,G,134,V,I
MT854114,G,139,H,Y
MT854114,G,148,H,L
MT854114,G,149,H,Y
MT854114,G,150,L,S
MT854114,G,153,D,E
MT854114,G,157,E,K
MT854114,G,162,P,S
MT854114,G,168,KT,
MT854114,G,197,_,Q
MT854114,G,203,Q,_
MT854114,G,207,E,K
MT854114,G,210,H,Y
MT854114,G,211,Q,K
MT854114,G,217,N,T
MT854114,G,227,K,_
MT854114,G,233,D,T
MT854114,G,238,Y,H
MT854114,G,240,Q,_
MT854114,G,248,H,Q
MT854114,G,257,L,P
MT854114,G,268,R,K
MT854114,G,277,P,L
MT854114,G,286,Q,K
MT854114,G,298,Y,H
MT854115,G,84,G,C
MT854115,G,95,K,E
MT854115,G,96,K,E
MT854115,G,98,H,N
MT854115,G,105,P,L
MT854115,G,111,L,P
MT854115,G,114,T,P
MT854115,G,115,T,N
MT854115,G,116,Y,H
MT854115,G,119,I,T
MT854115,G,125,F,L
MT854115,G,131,Q,_
MT854115,G,132,H,Y
MT854115,G,134,V,I
MT854115,G,139,H,Y
MT854115,G,148,H,L
MT854115,G,149,H,Y
MT854115,G,150,L,S
MT854115,G,153,D,E
MT854115,G,157,E,K
MT854115,G,162,P,S
MT854115,G,168,KT,
MT854115,G,197,_,Q
MT854115,G,203,Q,_
MT854115,G,207,E,K
MT854115,G,210,H,Y
MT854115,G,211,Q,K
MT854115,G,217,N,T
MT854115,G,227,K,_
MT854115,G,233,D,T
MT854115,G,238,Y,H
MT854115,G,240,Q,_
MT854115,G,248,H,Q
MT854115,G,257,L,P
MT854115,G,268,R,K
MT854115,G,277,P,L
MT854115,G,286,Q,K
MT854115,G,298,Y,H
MT854116,G,84,G,C
MT854116,G,95,K,E
MT854116,G,96,K,E
MT854116,G,98,H,N
MT854116,G,105,P,L
MT854116,G,111,L,P
MT854116,G,114,T,P
MT854116,G,115,T,N
MT854116,G,116,Y,H
MT854116,G,119,I,T
MT854116,G,125,F,L
MT854116,G,131,Q,_
MT854116,G,132,H,Y
MT854116,G,134,V,I
MT854116,G,139,H,Y
MT854116,G,148,H,L
MT854116,G,149,H,Y
MT854116,G,150,L,S
MT854116,G,153,D,E
MT854116,G,157,E,K
MT854116,G,162,P,S
MT854116,G,168,KT,
MT854116,G,197,_,Q
MT854116,G,203,Q,_
MT854116,G,207,E,K
MT854116,G,210,H,Y
MT854116,G,211,Q,K
MT854116,G,217,N,T
MT854116,G,227,K,_
MT854116,G,233,D,T
MT854116,G,238,Y,H
MT854116,G,240,Q,_
MT854116,G,248,H,Q
MT854116,G,257,L,P
MT854116,G,268,R,K
MT854116,G,277,P,L
MT854116,G,286,Q,K
MT854116,G,298,Y,H
MT854117,G,84,G,C
MT854117,G,95,K,E
MT854117,G,96,K,E
MT854117,G,98,H,N
MT854117,G,105,P,L
MT854117,G,111,L,P
MT854117,G,114,T,P
MT854117,G,115,T,N
MT854117,G,116,Y,H
MT854117,G,119,I,T
MT854117,G,125,F,L
MT854117,G,131,Q,_
MT854117,G,132,H,Y
MT854117,G,134,V,I
MT854117,G,139,H,Y
MT854117,G,148,H,L
MT854117,G,149,H,Y
MT854117,G,150,L,S
MT854117,G,153,D,E
MT854117,G,157,E,K
MT854117,G,162,P,S
MT854117,G,168,KT,
MT854117,G,171,R,G
MT854117,G,197,_,Q
MT854117,G,203,Q,_
MT854117,G,207,E,K
MT854117,G,210,H,Y
MT854117,G,211,Q,K
MT854117,G,217,N,T
MT854117,G,227,K,_
MT854117,G,233,D,T
MT854117,G,238,Y,H
MT854117,G,240,Q,_
MT854117,G,248,H,Q
MT854117,G,257,L,P
MT854117,G,268,R,K
MT854117,G,277,P,L
MT854117,G,286,Q,K
MT854117,G,298,Y,H
MT854118,G,84,G,C
MT854118,G,95,K,E
MT854118,G,96,K,E
MT854118,G,98,H,N
MT854118,G,105,P,L
MT854118,G,111,L,P
MT854118,G,114,T,P
MT854118,G,115,T,N
MT854118,G,116,Y,H
MT854118,G,119,I,T
MT854118,G,125,F,L
MT854118,G,131,Q,_
MT854118,G,132,H,Y
MT854118,G,134,V,I
MT854118,G,139,H,Y
MT854118,G,148,H,L
MT854118,G,149,H,Y
MT854118,G,150,L,S
MT854118,G,153,D,E
MT854118,G,157,E,K
MT854118,G,162,P,S
MT854118,G,168,KT,
MT854118,G,171,R,G
MT854118,G,197,_,Q
MT854118,G,203,Q,_
MT854118,G,207,E,K
MT854118,G,210,H,Y
MT854118,G,211,Q,K
MT854118,G,217,N,T
MT854118,G,227,K,_
MT854118,G,233,D,T
MT854118,G,238,Y,H
MT854118,G,240,Q,_
MT854118,G,248,H,Q
MT854118,G,257,L,P
MT854118,G,268,R,K
MT854118,G,277,P,L
MT854118,G,286,Q,K
MT854118,G,298,Y,H
MT854119,G,84,G,C
MT854119,G,95,K,E
MT854119,G,96,K,E
MT854119,G,98,H,N
MT854119,G,105,P,L
MT854119,G,111,L,P
MT854119,G,114,T,P
MT854119,G,115,T,N
MT854119,G,116,Y,H
MT854119,G,119,I,T
MT854119,G,125,F,L
MT854119,G,131,Q,_
MT854119,G,132,H,Y
MT854119,G,134,V,I
MT854119,G,139,H,Y
MT854119,G,148,H,L
MT854119,G,149,H,Y
MT854119,G,150,L,S
MT854119,G,153,D,E
MT854119,G,157,E,K
MT854119,G,162,P,S
MT854119,G,168,KT,
MT854119,G,171,R,G
MT854119,G,197,_,Q
MT854119,G,203,Q,_
MT854119,G,207,E,K
MT854119,G,210,H,Y
MT854119,G,211,Q,K
MT854119,G,217,N,T
MT854119,G,227,K,_
MT854119,G,233,D,T
MT854119,G,238,Y,H
MT854119,G,240,Q,_
MT854119,G,248,H,Q
MT854119,G,257,L,P
MT854119,G,268,R,K
MT854119,G,277,P,L
MT854119,G,286,Q,K
MT854119,G,298,Y,H
MT854120,G,84,G,C
MT854120,G,95,K,E
MT854120,G,96,K,E
MT854120,G,98,H,N
MT854120,G,105,P,L
MT854120,G,111,L,P
MT854120,G,114,T,P
MT854120,G,115,T,N
MT854120,G,116,Y,H
MT854120,G,119,I,T
MT854120,G,125,F,L
MT854120,G,131,Q,_
MT854120,G,132,H,Y
MT854120,G,134,V,I
MT854120,G,139,H,Y
MT854120,G,148,H,L
MT854120,G,149,H,Y
MT854120,G,150,L,S
MT854120,G,153,D,E
MT854120,G,157,E,K
MT854120,G,162,P,S
MT854120,G,168,KT,
MT854120,G,171,R,G
MT854120,G,197,_,Q
MT854120,G,203,Q,_
MT854120,G,207,E,K
MT854120,G,210,H,Y
MT854120,G,211,Q,K
MT854120,G,217,N,T
MT854120,G,227,K,_
MT854120,G,233,D,T
MT854120,G,238,Y,H
MT854120,G,240,Q,_
MT854120,G,248,H,Q
MT854120,G,257,L,P
MT854120,G,268,R,K
MT854120,G,277,P,L
MT854120,G,286,Q,K
MT854120,G,298,Y,H
MT854121,G,84,G,C
MT854121,G,95,K,E
MT854121,G,96,K,E
MT854121,G,98,H,N
MT854121,G,105,P,L
MT854121,G,111,L,P
MT854121,G,114,T,P
MT854121,G,115,T,N
MT854121,G,116,Y,H
MT854121,G,119,I,T
MT854121,G,125,F,L
MT854121,G,132,H,Y
MT854121,G,134,V,I
MT854121,G,139,H,Y
MT854121,G,148,H,L
MT854121,G,149,H,Y
MT854121,G,150,L,S
MT854121,G,153,D,E
MT854121,G,157,E,K
MT854121,G,162,P,S
MT854121,G,168,KT,
MT854121,G,197,_,Q
MT854121,G,203,Q,_
MT854121,G,207,E,K
MT854121,G,210,H,Y
MT854121,G,211,Q,K
MT854121,G,217,N,T
MT854121,G,227,K,Q
MT854121,G,233,D,T
MT854121,G,238,Y,H
MT854121,G,240,Q,_
MT854121,G,248,H,Q
MT854121,G,257,L,P
MT854121,G,268,R,K
MT854121,G,277,P,L
MT854121,G,286,Q,K
MT854121,G,298,Y,H
MT854122,G,84,G,C
MT854122,G,95,K,E
MT854122,G,96,K,E
MT854122,G,98,H,N
MT854122,G,105,P,L
MT854122,G,111,L,P
MT854122,G,114,T,P
MT854122,G,115,T,N
MT854122,G,116,Y,H
MT854122,G,119,I,T
MT854122,G,125,F,L
MT854122,G,131,Q,_
MT854122,G,132,H,Y
MT854122,G,134,V,I
MT854122,G,139,H,Y
MT854122,G,148,H,L
MT854122,G,149,H,Y
MT854122,G,150,L,S
MT854122,G,153,D,E
MT854122,G,157,E,K
MT854122,G,162,P,S
MT854122,G,168,KT,
MT854122,G,197,_,Q
MT854122,G,203,Q,_
MT854122,G,207,E,K
MT854122,G,210,H,Y
MT854122,G,211,Q,K
MT854122,G,217,N,T
MT854122,G,227,K,Q
MT854122,G,233,D,T
MT854122,G,238,Y,H
MT854122,G,240,Q,_
MT854122,G,248,H,Q
MT854122,G,257,L,P
MT854122,G,268,R,K
MT854122,G,277,P,L
MT854122,G,286,Q,K
MT854122,G,298,Y,H
MT854123,G,84,G,C
MT854123,G,95,K,E
MT854123,G,96,K,E
MT854123,G,98,H,N
MT854123,G,105,P,L
MT854123,G,111,L,P
MT854123,G,114,T,P
MT854123,G,115,T,N
MT854123,G,116,Y,H
MT854123,G,119,I,T
MT854123,G,125,F,L
MT854123,G,131,Q,_
MT854123,G,132,H,Y
MT854123,G,134,V,I
MT854123,G,139,H,Y
MT854123,G,148,H,L
MT854123,G,149,H,Y
MT854123,G,150,L,S
MT854123,G,153,D,E
MT854123,G,157,E,K
MT854123,G,162,P,S
MT854123,G,168,KT,
MT854123,G,197,_,Q
MT854123,G,203,Q,_
MT854123,G,207,E,K
MT854123,G,210,H,Y
MT854123,G,211,Q,K
MT854123,G,217,N,T
MT854123,G,227,K,Q
MT854123,G,233,D,T
MT854123,G,238,Y,H
MT854123,G,240,Q,_
MT854123,G,248,H,Q
MT854123,G,257,L,P
MT854123,G,268,R,K
MT854123,G,277,P,L
MT854123,G,286,Q,K
MT854123,G,298,Y,H
MT854124,G,84,G,C
MT854124,G,95,K,E
MT854124,G,96,K,E
MT854124,G,98,H,N
MT854124,G,105,P,L
MT854124,G,111,L,P
MT854124,G,114,T,P
MT854124,G,115,T,N
MT854124,G,116,Y,H
MT854124,G,119,I,T
MT854124,G,125,F,L
MT854124,G,131,Q,_
MT854124,G,132,H,Y
MT854124,G,134,V,I
MT854124,G,139,H,Y
MT854124,G,148,H,L
MT854124,G,149,H,Y
MT854124,G,150,L,S
MT854124,G,153,D,E
MT854124,G,157,E,K
MT854124,G,162,P,S
MT854124,G,168,KT,
MT854124,G,197,_,Q
MT854124,G,203,Q,_
MT854124,G,207,E,K
MT854124,G,210,H,Y
MT854124,G,211,Q,K
MT854124,G,217,N,T
MT854124,G,227,K,Q
MT854124,G,233,D,T
MT854124,G,238,Y,H
MT854124,G,240,Q,_
MT854124,G,248,H,Q
MT854124,G,257,L,P
MT854124,G,268,R,K
MT854124,G,277,P,L
MT854124,G,286,Q,K
MT854125,G,84,G,C
MT854125,G,95,K,E
MT854125,G,96,K,E
MT854125,G,98,H,N
MT854125,G,105,P,L
MT854125,G,111,L,P
MT854125,G,114,T,P
MT854125,G,115,T,N
MT854125,G,116,Y,H
MT854125,G,119,I,T
MT854125,G,125,F,L
MT854125,G,131,Q,_
MT854125,G,132,H,Y
MT854125,G,134,V,I
MT854125,G,139,H,Y
MT854125,G,148,H,L
MT854125,G,149,H,Y
MT854125,G,150,L,S
MT854125,G,153,D,E
MT854125,G,157,E,K
MT854125,G,162,P,S
MT854125,G,168,KT,
MT854125,G,197,_,Q
MT854125,G,203,Q,_
MT854125,G,207,E,K
MT854125,G,210,H,Y
MT854125,G,211,Q,K
MT854125,G,217,N,T
MT854125,G,227,K,Q
MT854125,G,233,D,T
MT854125,G,238,Y,H
MT854125,G,240,Q,_
MT854125,G,248,H,Q
MT854125,G,257,L,P
MT854125,G,268,R,K
MT854125,G,277,P,L
MT854125,G,286,Q,K
MT854125,G,298,Y,H
MT854126,G,84,G,C
MT854126,G,95,K,E
MT854126,G,96,K,E
MT854126,G,98,H,N
MT854126,G,105,P,L
MT854126,G,111,L,P
MT854126,G,114,T,P
MT854126,G,115,T,N
MT854126,G,116,Y,H
MT854126,G,119,I,T
MT854126,G,125,F,L
MT854126,G,131,Q,_
MT854126,G,132,H,Y
MT854126,G,134,V,I
MT854126,G,139,H,Y
MT854126,G,148,H,L
MT854126,G,149,H,Y
MT854126,G,150,L,S
MT854126,G,153,D,E
MT854126,G,157,E,K
MT854126,G,162,P,S
MT854126,G,168,KT,
MT854126,G,197,_,Q
MT854126,G,203,Q,_
MT854126,G,207,E,K
MT854126,G,210,H,Y
MT854126,G,211,Q,K
MT854126,G,217,N,T
MT854126,G,227,K,Q
MT854126,G,233,D,T
MT854126,G,238,Y,H
MT854126,G,240,Q,_
MT854126,G,248,H,Q
MT854126,G,257,L,P
MT854126,G,268,R,K
MT854126,G,277,P,L
MT854126,G,286,Q,K
MT854126,G,298,Y,H
MT854127,G,84,G,C
MT854127,G,95,K,E
MT854127,G,96,K,E
MT854127,G,98,H,N
MT854127,G,105,P,L
MT854127,G,111,L,P
MT854127,G,114,T,P
MT854127,G,115,T,N
MT854127,G,116,Y,H
MT854127,G,119,I,T
MT854127,G,125,F,L
MT854127,G,131,Q,_
MT854127,G,132,H,Y
MT854127,G,134,V,I
MT854127,G,139,H,Y
MT854127,G,148,H,L
MT854127,G,149,H,Y
MT854127,G,150,L,S
MT854127,G,153,D,E
MT854127,G,157,E,K
MT854127,G,162,P,S
MT854127,G,168,KT,
MT854127,G,197,_,Q
MT854127,G,203,Q,_
MT854127,G,207,E,K
MT854127,G,210,H,Y
MT854127,G,211,Q,K
MT854127,G,217,N,T
MT854127,G,227,K,Q
MT854127,G,233,D,T
MT854127,G,238,Y,H
MT854127,G,240,Q,_
MT854127,G,248,H,Q
MT854127,G,257,L,P
MT854127,G,268,R,K
MT854127,G,277,P,L
MT854127,G,286,Q,K
MT854127,G,298,Y,H
MT854128,G,84,G,C
MT854128,G,95,K,E
MT854128,G,96,K,E
MT854128,G,98,H,N
MT854128,G,105,P,L
MT854128,G,111,L,P
MT854128,G,114,T,P
MT854128,G,115,T,N
MT854128,G,116,Y,H
MT854128,G,119,I,T
MT854128,G,125,F,L
MT854128,G,131,Q,_
MT854128,G,132,H,Y
MT854128,G,134,V,I
MT854128,G,139,H,Y
MT854128,G,148,H,L
MT854128,G,149,H,Y
MT854128,G,150,L,S
MT854128,G,153,D,E
MT854128,G,157,E,K
MT854128,G,162,P,S
MT854128,G,168,KT,
MT854128,G,197,_,Q
MT854128,G,203,Q,_
MT854128,G,207,E,K
MT854128,G,210,H,Y
MT854128,G,211,Q,K
MT854128,G,217,N,T
MT854128,G,227,K,Q
MT854128,G,233,D,T
MT854128,G,238,Y,H
MT854128,G,240,Q,_
MT854128,G,248,H,Q
MT854128,G,257,L,P
MT854128,G,268,R,K
MT854128,G,277,P,L
MT854128,G,286,Q,K
MT854128,G,298,Y,H
MT854129,G,84,G,C
MT854129,G,95,K,E
MT854129,G,96,K,E
MT854129,G,98,H,N
MT854129,G,105,P,L
MT854129,G,111,L,P
MT854129,G,114,T,P
MT854129,G,115,T,N
MT854129,G,116,Y,H
MT854129,G,119,I,T
MT854129,G,125,F,L
MT854129,G,131,Q,_
MT854129,G,132,H,Y
MT854129,G,134,V,I
MT854129,G,139,H,Y
MT854129,G,148,H,L
MT854129,G,149,H,Y
MT854129,G,150,L,S
MT854129,G,153,D,E
MT854129,G,157,E,K
MT854129,G,162,P,S
MT854129,G,168,KT,
MT854129,G,197,_,Q
MT854129,G,203,Q,_
MT854129,G,207,E,K
MT854129,G,210,H,Y
MT854129,G,211,Q,K
MT854129,G,217,N,T
MT854129,G,227,K,Q
MT854129,G,233,D,T
MT854129,G,238,Y,H
MT854129,G,240,Q,_
MT854129,G,248,H,Q
MT854129,G,257,L,P
MT854129,G,268,R,K
MT854129,G,277,P,L
MT854129,G,286,Q,K
MT854129,G,298,Y,H
MT854130,G,84,G,C
MT854130,G,95,K,E
MT854130,G,96,K,E
MT854130,G,98,H,N
MT854130,G,105,P,L
MT854130,G,111,L,P
MT854130,G,114,T,P
MT854130,G,115,T,N
MT854130,G,116,Y,H
MT854130,G,119,I,T
MT854130,G,125,F,L
MT854130,G,131,Q,_
MT854130,G,132,H,Y
MT854130,G,134,V,I
MT854130,G,139,H,Y
MT854130,G,148,H,L
MT854130,G,149,H,Y
MT854130,G,150,L,S
MT854130,G,153,D,E
MT854130,G,157,E,K
MT854130,G,162,P,S
MT854130,G,168,KT,
MT854130,G,197,_,Q
MT854130,G,203,Q,_
MT854130,G,207,E,K
MT854130,G,210,H,Y
MT854130,G,211,Q,K
MT854130,G,217,N,T
MT854130,G,227,K,Q
MT854130,G,233,D,T
MT854130,G,238,Y,H
MT854130,G,248,H,Q
MT854130,G,252,K,R
MT854130,G,257,L,P
MT854130,G,268,R,K
MT854130,G,277,P,L
MT854130,G,286,Q,K
MT854130,G,298,Y,H
MT854131,G,84,G,C
MT854131,G,95,K,E
MT854131,G,96,K,E
MT854131,G,98,H,N
MT854131,G,105,P,L
MT854131,G,111,L,P
MT854131,G,114,T,P
MT854131,G,115,T,N
MT854131,G,116,Y,H
MT854131,G,119,I,T
MT854131,G,125,F,L
MT854131,G,131,Q,_
MT854131,G,132,H,Y
MT854131,G,134,V,I
MT854131,G,139,H,Y
MT854131,G,148,H,L
MT854131,G,149,H,Y
MT854131,G,150,L,S
MT854131,G,153,D,E
MT854131,G,157,E,K
MT854131,G,162,P,S
MT854131,G,168,KT,
MT854131,G,197,_,Q
MT854131,G,203,Q,_
MT854131,G,207,E,K
MT854131,G,210,H,Y
MT854131,G,211,Q,K
MT854131,G,217,N,T
MT854131,G,227,K,Q
MT854131,G,233,D,T
MT854131,G,238,Y,H
MT854131,G,248,H,Q
MT854131,G,257,L,P
MT854131,G,268,R,K
MT854131,G,277,P,L
MT854131,G,286,Q,K
MT854131,G,298,Y,H
MT854132,G,84,G,C
MT854132,G,95,K,E
MT854132,G,96,K,E
MT854132,G,98,H,N
MT854132,G,105,P,L
MT854132,G,111,L,P
MT854132,G,114,T,P
MT854132,G,115,T,N
MT854132,G,116,Y,H
MT854132,G,119,I,T
MT854132,G,125,F,L
MT854132,G,131,Q,_
MT854132,G,132,H,Y
MT854132,G,134,V,I
MT854132,G,139,H,Y
MT854132,G,148,H,L
MT854132,G,149,H,Y
MT854132,G,150,L,S
MT854132,G,153,D,E
MT854132,G,157,E,K
MT854132,G,162,P,S
MT854132,G,168,KT,
MT854132,G,197,_,Q
MT854132,G,203,Q,_
MT854132,G,207,E,K
MT854132,G,210,H,Y
MT854132,G,211,Q,K
MT854132,G,217,N,T
MT854132,G,227,K,Q
MT854132,G,233,D,T
MT854132,G,238,Y,H
MT854132,G,240,Q,_
MT854132,G,248,H,Q
MT854132,G,252,K,R
MT854132,G,257,L,P
MT854132,G,268,R,K
MT854132,G,277,P,L
MT854132,G,286,Q,K
MT854132,G,298,Y,H
MT854133,G,84,G,C
MT854133,G,95,K,E
MT854133,G,96,K,E
MT854133,G,98,H,N
MT854133,G,105,P,L
MT854133,G,111,L,P
MT854133,G,114,T,P
MT854133,G,115,T,N
MT854133,G,116,Y,H
MT854133,G,119,I,T
MT854133,G,125,F,L
MT854133,G,131,Q,_
MT854133,G,132,H,Y
MT854133,G,134,V,I
MT854133,G,139,H,Y
MT854133,G,148,H,L
MT854133,G,149,H,Y
MT854133,G,150,L,S
MT854133,G,153,D,E
MT854133,G,157,E,K
MT854133,G,162,P,S
MT854133,G,168,KT,
MT854133,G,197,_,Q
MT854133,G,203,Q,_
MT854133,G,207,E,K
MT854133,G,210,H,Y
MT854133,G,211,Q,K
MT854133,G,217,N,T
MT854133,G,227,K,Q
MT854133,G,233,D,T
MT854133,G,238,Y,H
MT854133,G,240,Q,_
MT854133,G,248,H,Q
MT854133,G,257,L,P
MT854133,G,268,R,K
MT854133,G,277,P,L
MT854133,G,286,Q,K
MT854133,G,298,Y,H
MT854134,G,84,G,C
MT854134,G,95,K,E
MT854134,G,96,K,E
MT854134,G,98,H,N
MT854134,G,105,P,L
MT854134,G,111,L,P
MT854134,G,114,T,P
MT854134,G,115,T,N
MT854134,G,116,Y,H
MT854134,G,119,I,T
MT854134,G,125,F,L
MT854134,G,131,Q,_
MT854134,G,132,H,Y
MT854134,G,134,V,I
MT854134,G,139,H,Y
MT854134,G,148,H,L
MT854134,G,149,H,Y
MT854134,G,150,L,S
MT854134,G,153,D,E
MT854134,G,157,E,K
MT854134,G,162,P,S
MT854134,G,166,T,A
MT854134,G,168,KT,
MT854134,G,197,_,Q
MT854134,G,203,Q,_
MT854134,G,207,E,K
MT854134,G,210,H,Y
MT854134,G,211,Q,K
MT854134,G,217,N,T
MT854134,G,227,K,Q
MT854134,G,233,D,T
MT854134,G,238,Y,H
MT854134,G,240,Q,_
MT854134,G,248,H,Q
MT854134,G,257,L,P
MT854134,G,268,R,K
MT854134,G,277,P,L
MT854134,G,286,Q,K
MT854134,G,288,H,R
MT854134,G,298,Y,H
MT854135,G,84,G,C
MT854135,G,95,K,E
MT854135,G,96,K,E
MT854135,G,98,H,N
MT854135,G,105,P,L
MT854135,G,111,L,P
MT854135,G,114,T,P
MT854135,G,115,T,N
MT854135,G,116,Y,H
MT854135,G,119,I,T
MT854135,G,125,F,L
MT854135,G,131,Q,_
MT854135,G,132,H,Y
MT854135,G,134,V,I
MT854135,G,139,H,Y
MT854135,G,148,H,L
MT854135,G,149,H,Y
MT854135,G,150,L,S
MT854135,G,153,D,E
MT854135,G,157,E,K
MT854135,G,162,P,S
MT854135,G,166,T,A
MT854135,G,168,KT,
MT854135,G,197,_,Q
MT854135,G,203,Q,_
MT854135,G,207,E,K
MT854135,G,210,H,Y
MT854135,G,211,Q,K
MT854135,G,217,N,T
MT854135,G,227,K,Q
MT854135,G,233,D,T
MT854135,G,238,Y,H
MT854135,G,240,Q,_
MT854135,G,248,H,Q
MT854135,G,257,L,P
MT854135,G,268,R,K
MT854135,G,277,P,L
MT854135,G,286,Q,K
MT854135,G,298,Y,H
MT854136,G,84,G,C
MT854136,G,95,K,E
MT854136,G,96,K,E
MT854136,G,98,H,N
MT854136,G,105,P,L
MT854136,G,111,L,P
MT854136,G,114,T,P
MT854136,G,115,T,N
MT854136,G,116,Y,H
MT854136,G,119,I,T
MT854136,G,125,F,L
MT854136,G,131,Q,_
MT854136,G,132,H,Y
MT854136,G,134,V,I
MT854136,G,139,H,Y
MT854136,G,148,H,L
MT854136,G,149,H,Y
MT854136,G,150,L,S
MT854136,G,153,D,E
MT854136,G,157,E,K
MT854136,G,162,P,S
MT854136,G,168,KT,
MT854136,G,197,_,Q
MT854136,G,203,Q,_
MT854136,G,207,E,K
MT854136,G,210,H,Y
MT854136,G,211,Q,K
MT854136,G,217,N,T
MT854136,G,227,K,Q
MT854136,G,233,D,T
MT854136,G,238,Y,H
MT854136,G,240,Q,_
MT854136,G,248,H,Q
MT854136,G,257,L,P
MT854136,G,268,R,K
MT854136,G,277,P,L
MT854136,G,283,K,E
MT854136,G,286,Q,K
MT854136,G,298,Y,H
MT854137,G,84,G,C
MT854137,G,95,K,E
MT854137,G,96,K,E
MT854137,G,98,H,N
MT854137,G,105,P,L
MT854137,G,111,L,P
MT854137,G,114,T,P
MT854137,G,115,T,N
MT854137,G,116,Y,H
MT854137,G,119,I,T
MT854137,G,125,F,L
MT854137,G,131,Q,_
MT854137,G,132,H,Y
MT854137,G,134,V,I
MT854137,G,139,H,Y
MT854137,G,148,H,L
MT854137,G,149,H,Y
MT854137,G,150,L,S
MT854137,G,153,D,E
MT854137,G,157,E,K
MT854137,G,162,P,S
MT854137,G,168,KT,
MT854137,G,197,_,Q
MT854137,G,203,Q,_
MT854137,G,207,E,K
MT854137,G,210,H,Y
MT854137,G,211,Q,K
MT854137,G,217,N,T
MT854137,G,227,K,_
MT854137,G,233,D,T
MT854137,G,238,Y,H
MT854137,G,240,Q,_
MT854137,G,248,H,Q
MT854137,G,257,L,P
MT854137,G,268,R,K
MT854137,G,277,P,L
MT854137,G,286,Q,K
MT854137,G,298,Y,H
MT854138,G,84,G,C
MT854138,G,95,K,E
MT854138,G,96,K,E
MT854138,G,98,H,N
MT854138,G,100,L,S
MT854138,G,105,P,L
MT854138,G,111,L,P
MT854138,G,114,T,P
MT854138,G,115,T,N
MT854138,G,116,Y,H
MT854138,G,119,I,T
MT854138,G,125,F,L
MT854138,G,131,Q,_
MT854138,G,132,H,Y
MT854138,G,134,V,I
MT854138,G,139,H,Y
MT854138,G,148,H,L
MT854138,G,149,H,Y
MT854138,G,150,L,S
MT854138,G,153,D,E
MT854138,G,157,E,K
MT854138,G,162,P,S
MT854138,G,168,KT,
MT854138,G,197,_,Q
MT854138,G,203,Q,_
MT854138,G,207,E,K
MT854138,G,210,H,Y
MT854138,G,211,Q,K
MT854138,G,217,N,T
MT854138,G,227,K,_
MT854138,G,233,D,T
MT854138,G,238,Y,H
MT854138,G,240,Q,_
MT854138,G,248,H,Q
MT854138,G,257,L,P
MT854138,G,268,R,K
MT854138,G,277,P,L
MT854138,G,286,Q,K
MT854138,G,298,Y,H
MT854139,G,84,G,C
MT854139,G,95,K,E
MT854139,G,96,K,E
MT854139,G,98,H,N
MT854139,G,105,P,L
MT854139,G,111,L,P
MT854139,G,114,T,P
MT854139,G,115,T,N
MT854139,G,116,Y,H
MT854139,G,119,I,T
MT854139,G,125,F,L
MT854139,G,131,Q,_
MT854139,G,132,H,Y
MT854139,G,134,V,I
MT854139,G,139,H,Y
MT854139,G,148,H,L
MT854139,G,149,H,Y
MT854139,G,150,L,S
MT854139,G,153,D,E
MT854139,G,157,E,K
MT854139,G,162,P,S
MT854139,G,166,T,A
MT854139,G,168,KT,
MT854139,G,197,_,Q
MT854139,G,203,Q,_
MT854139,G,207,E,K
MT854139,G,210,H,Y
MT854139,G,211,Q,K
MT854139,G,217,N,T
MT854139,G,227,K,Q
MT854139,G,233,D,T
MT854139,G,238,Y,H
MT854139,G,240,Q,_
MT854139,G,248,H,Q
MT854139,G,257,L,P
MT854139,G,268,R,K
MT854139,G,277,P,L
MT854139,G,279,N,D
MT854139,G,286,Q,K
MT854139,G,288,H,R
MT854139,G,298,Y,H
MT854140,G,84,G,C
MT854140,G,95,K,E
MT854140,G,96,K,E
MT854140,G,98,H,N
MT854140,G,105,P,L
MT854140,G,111,L,P
MT854140,G,114,T,P
MT854140,G,115,T,N
MT854140,G,116,Y,H
MT854140,G,119,I,T
MT854140,G,125,F,L
MT854140,G,132,H,Y
MT854140,G,134,V,I
MT854140,G,139,H,Y
MT854140,G,148,H,L
MT854140,G,149,H,Y
MT854140,G,150,L,S
MT854140,G,153,D,E
MT854140,G,157,E,K
MT854140,G,162,P,S
MT854140,G,168,KT,
MT854140,G,197,_,Q
MT854140,G,203,Q,_
MT854140,G,207,E,K
MT854140,G,210,H,Y
MT854140,G,211,Q,K
MT854140,G,217,N,T
MT854140,G,227,K,Q
MT854140,G,233,D,T
MT854140,G,238,Y,H
MT854140,G,240,Q,_
MT854140,G,248,H,Q
MT854140,G,257,L,P
MT854140,G,277,P,L
MT854140,G,286,Q,K
MT854140,G,298,Y,H
MT854141,G,84,G,C
MT854141,G,95,K,E
MT854141,G,96,K,E
MT854141,G,98,H,N
MT854141,G,105,P,L
MT854141,G,111,L,P
MT854141,G,114,T,P
MT854141,G,115,T,N
MT854141,G,116,Y,H
MT854141,G,119,I,T
MT854141,G,125,F,L
MT854141,G,131,Q,_
MT854141,G,132,H,Y
MT854141,G,134,V,I
MT854141,G,139,H,Y
MT854141,G,148,H,L
MT854141,G,149,H,Y
MT854141,G,150,L,S
MT854141,G,153,D,K
MT854141,G,157,E,K
MT854141,G,162,P,S
MT854141,G,168,KT,
MT854141,G,197,_,Q
MT854141,G,203,Q,_
MT854141,G,207,E,K
MT854141,G,210,H,Y
MT854141,G,211,Q,K
MT854141,G,217,N,T
MT854141,G,227,K,Q
MT854141,G,238,Y,H
MT854141,G,240,Q,_
MT854141,G,248,H,Q
MT854141,G,257,L,P
MT854141,G,268,R,K
MT854141,G,277,P,L
MT854141,G,286,Q,K
MT854141,G,298,Y,H
MT854142,G,84,G,C
MT854142,G,95,K,E
MT854142,G,96,K,E
MT854142,G,98,H,N
MT854142,G,105,P,L
MT854142,G,111,L,P
MT854142,G,114,T,P
MT854142,G,115,T,N
MT854142,G,116,Y,H
MT854142,G,119,I,T
MT854142,G,125,F,L
MT854142,G,131,Q,_
MT854142,G,132,H,Y
MT854142,G,134,V,I
MT854142,G,139,H,Y
MT854142,G,148,H,L
MT854142,G,149,H,Y
MT854142,G,150,L,S
MT854142,G,153,D,E
MT854142,G,157,E,K
MT854142,G,162,P,S
MT854142,G,168,KT,
MT854142,G,197,_,Q
MT854142,G,203,Q,_
MT854142,G,207,E,K
MT854142,G,210,H,Y
MT854142,G,211,Q,K
MT854142,G,217,N,T
MT854142,G,227,K,Q
MT854142,G,233,D,T
MT854142,G,238,Y,H
MT854142,G,240,Q,_
MT854142,G,248,H,Q
MT854142,G,257,L,P
MT854142,G,268,R,K
MT854142,G,277,P,L
MT854142,G,286,Q,K
MT854142,G,298,Y,H
MT854143,G,84,G,C
MT854143,G,95,K,E
MT854143,G,96,K,E
MT854143,G,98,H,N
MT854143,G,105,P,L
MT854143,G,111,L,P
MT854143,G,114,T,P
MT854143,G,115,T,N
MT854143,G,116,Y,H
MT854143,G,119,I,T
MT854143,G,125,F,L
MT854143,G,131,Q,_
MT854143,G,132,H,Y
MT854143,G,134,V,I
MT854143,G,139,H,Y
MT854143,G,148,H,L
MT854143,G,149,H,Y
MT854143,G,150,L,S
MT854143,G,153,D,E
MT854143,G,157,E,K
MT854143,G,162,P,S
MT854143,G,168,KT,
MT854143,G,197,_,Q
MT854143,G,203,Q,_
MT854143,G,207,E,K
MT854143,G,210,H,Y
MT854143,G,211,Q,K
MT854143,G,217,N,T
MT854143,G,227,K,Q
MT854143,G,233,D,T
MT854143,G,238,Y,H
MT854143,G,240,Q,_
MT854143,G,248,H,Q
MT854143,G,257,L,P
MT854143,G,268,R,K
MT854143,G,277,P,L
MT854143,G,286,Q,K
MT854143,G,298,Y,H
MT854144,G,84,G,C
MT854144,G,91,K,E
MT854144,G,95,K,E
MT854144,G,96,K,E
MT854144,G,98,H,N
MT854144,G,105,P,L
MT854144,G,111,L,P
MT854144,G,114,T,P
MT854144,G,115,T,N
MT854144,G,116,Y,H
MT854144,G,119,I,T
MT854144,G,125,F,L
MT854144,G,131,Q,_
MT854144,G,132,H,Y
MT854144,G,134,V,I
MT854144,G,139,H,Y
MT854144,G,148,H,L
MT854144,G,149,H,Y
MT854144,G,150,L,S
MT854144,G,153,D,E
MT854144,G,157,E,K
MT854144,G,162,P,S
MT854144,G,168,KT,
MT854144,G,197,_,Q
MT854144,G,207,E,K
MT854144,G,210,H,Y
MT854144,G,211,Q,K
MT854144,G,217,N,T
MT854144,G,227,K,Q
MT854144,G,233,D,T
MT854144,G,238,Y,H
MT854144,G,240,Q,_
MT854144,G,248,H,Q
MT854144,G,257,L,P
MT854144,G,268,R,K
MT854144,G,277,P,L
MT854144,G,286,Q,K
MT854144,G,298,Y,H
MT854145,G,84,G,C
MT854145,G,91,K,E
MT854145,G,95,K,E
MT854145,G,96,K,E
MT854145,G,98,H,N
MT854145,G,105,P,L
MT854145,G,111,L,P
MT854145,G,114,T,P
MT854145,G,115,T,N
MT854145,G,116,Y,H
MT854145,G,119,I,T
MT854145,G,125,F,L
MT854145,G,131,Q,_
MT854145,G,132,H,Y
MT854145,G,134,V,I
MT854145,G,139,H,Y
MT854145,G,148,H,L
MT854145,G,149,H,Y
MT854145,G,150,L,S
MT854145,G,153,D,E
MT854145,G,157,E,K
MT854145,G,162,P,S
MT854145,G,168,KT,
MT854145,G,197,_,Q
MT854145,G,203,Q,_
MT854145,G,207,E,K
MT854145,G,210,H,Y
MT854145,G,211,Q,K
MT854145,G,217,N,T
MT854145,G,227,K,Q
MT854145,G,233,D,T
MT854145,G,238,Y,H
MT854145,G,248,H,Q
MT854145,G,257,L,P
MT854145,G,268,R,K
MT854145,G,277,P,L
MT854145,G,286,Q,K
MT854145,G,298,Y,H
MT854146,G,84,G,C
MT854146,G,95,K,E
MT854146,G,96,K,E
MT854146,G,98,H,N
MT854146,G,105,P,L
MT854146,G,111,L,P
MT854146,G,114,T,P
MT854146,G,115,T,N
MT854146,G,116,Y,H
MT854146,G,119,I,T
MT854146,G,125,F,L
MT854146,G,131,Q,_
MT854146,G,132,H,Y
MT854146,G,134,V,I
MT854146,G,139,H,Y
MT854146,G,148,H,L
MT854146,G,149,H,Y
MT854146,G,150,L,S
MT854146,G,153,D,E
MT854146,G,157,E,K
MT854146,G,162,P,S
MT854146,G,168,KT,
MT854146,G,197,_,Q
MT854146,G,203,Q,_
MT854146,G,207,E,K
MT854146,G,210,H,Y
MT854146,G,211,Q,K
MT854146,G,217,N,T
MT854146,G,227,K,Q
MT854146,G,233,D,T
MT854146,G,238,Y,H
MT854146,G,248,H,Q
MT854146,G,257,L,P
MT854146,G,268,R,K
MT854146,G,277,P,L
MT854146,G,286,Q,K
MT854146,G,288,H,Y
MT854146,G,298,Y,H
MT854147,G,84,G,C
MT854147,G,95,K,E
MT854147,G,96,K,E
MT854147,G,98,H,N
MT854147,G,105,P,L
MT854147,G,111,L,P
MT854147,G,114,T,P
MT854147,G,115,T,N
MT854147,G,116,Y,H
MT854147,G,119,I,T
MT854147,G,125,F,L
MT854147,G,131,Q,_
MT854147,G,132,H,Y
MT854147,G,134,V,I
MT854147,G,139,H,Y
MT854147,G,148,H,F
MT854147,G,149,H,Y
MT854147,G,150,L,S
MT854147,G,153,D,E
MT854147,G,157,E,K
MT854147,G,162,P,S
MT854147,G,168,KT,
MT854147,G,197,_,Q
MT854147,G,203,Q,_
MT854147,G,207,E,K
MT854147,G,211,Q,K
MT854147,G,217,N,T
MT854147,G,227,K,Q
MT854147,G,233,D,T
MT854147,G,238,Y,H
MT854147,G,240,Q,_
MT854147,G,248,H,Q
MT854147,G,256,H,Y
MT854147,G,257,L,P
MT854147,G,268,R,K
MT854147,G,277,P,L
MT854147,G,286,Q,K
MT854147,G,298,Y,H
MT854148,G,84,G,C
MT854148,G,95,K,E
MT854148,G,96,K,E
MT854148,G,98,H,N
MT854148,G,105,P,L
MT854148,G,111,L,P
MT854148,G,114,T,P
MT854148,G,115,T,N
MT854148,G,116,Y,H
MT854148,G,119,I,T
MT854148,G,125,F,L
MT854148,G,131,Q,_
MT854148,G,132,H,Y
MT854148,G,134,V,I
MT854148,G,139,H,Y
MT854148,G,148,H,L
MT854148,G,149,H,Y
MT854148,G,150,L,S
MT854148,G,153,D,E
MT854148,G,157,E,K
MT854148,G,162,P,S
MT854148,G,168,KT,
MT854148,G,194,I,V
MT854148,G,197,_,Q
MT854148,G,203,Q,_
MT854148,G,207,E,K
MT854148,G,210,H,Y
MT854148,G,211,Q,K
MT854148,G,217,N,T
MT854148,G,227,K,Q
MT854148,G,233,D,T
MT854148,G,238,Y,H
MT854148,G,240,Q,_
MT854148,G,248,H,Q
MT854148,G,257,L,P
MT854148,G,268,R,K
MT854148,G,277,P,L
MT854148,G,286,Q,K
MT854148,G,298,Y,H
MT854149,G,84,G,C
MT854149,G,95,K,E
MT854149,G,96,K,E
MT854149,G,98,H,N
MT854149,G,105,P,L
MT854149,G,111,L,P
MT854149,G,114,T,P
MT854149,G,115,T,N
MT854149,G,116,Y,H
MT854149,G,119,I,T
MT854149,G,125,F,L
MT854149,G,131,Q,_
MT854149,G,132,H,Y
MT854149,G,134,V,I
MT854149,G,139,H,Y
MT854149,G,148,H,L
MT854149,G,149,H,Y
MT854149,G,150,L,S
MT854149,G,153,D,E
MT854149,G,157,E,K
MT854149,G,162,P,S
MT854149,G,163,K,E
MT854149,G,168,KT,
MT854149,G,197,_,Q
MT854149,G,203,Q,_
MT854149,G,207,E,K
MT854149,G,210,H,Y
MT854149,G,211,Q,K
MT854149,G,217,N,T
MT854149,G,227,K,_
MT854149,G,233,D,T
MT854149,G,238,Y,H
MT854149,G,240,Q,_
MT854149,G,248,H,Q
MT854149,G,257,L,P
MT854149,G,268,R,K
MT854149,G,277,P,L
MT854149,G,286,Q,K
MT854149,G,298,Y,H
MT854150,G,84,G,C
MT854150,G,95,K,E
MT854150,G,96,K,E
MT854150,G,98,H,N
MT854150,G,105,P,L
MT854150,G,111,L,P
MT854150,G,114,T,P
MT854150,G,115,T,N
MT854150,G,116,Y,H
MT854150,G,119,I,T
MT854150,G,125,F,L
MT854150,G,131,Q,_
MT854150,G,132,H,Y
MT854150,G,134,V,I
MT854150,G,139,H,Y
MT854150,G,148,H,L
MT854150,G,149,H,Y
MT854150,G,150,L,S
MT854150,G,153,D,E
MT854150,G,157,E,K
MT854150,G,162,P,S
MT854150,G,168,KT,
MT854150,G,175,F,L
MT854150,G,197,_,Q
MT854150,G,203,Q,_
MT854150,G,207,E,K
MT854150,G,210,H,Y
MT854150,G,211,Q,K
MT854150,G,217,N,T
MT854150,G,227,K,_
MT854150,G,233,D,T
MT854150,G,237,N,S
MT854150,G,238,Y,H
MT854150,G,240,Q,_
MT854150,G,248,H,Q
MT854150,G,257,L,P
MT854150,G,268,R,K
MT854151,G,84,G,C
MT854151,G,95,K,E
MT854151,G,96,K,E
MT854151,G,98,H,N
MT854151,G,105,P,L
MT854151,G,111,L,P
MT854151,G,114,T,P
MT854151,G,115,T,N
MT854151,G,116,Y,H
MT854151,G,119,I,T
MT854151,G,125,F,L
MT854151,G,131,Q,_
MT854151,G,132,H,Y
MT854151,G,134,V,I
MT854151,G,139,H,Y
MT854151,G,148,H,L
MT854151,G,149,H,Y
MT854151,G,150,L,S
MT854151,G,153,D,E
MT854151,G,157,E,K
MT854151,G,162,P,S
MT854151,G,168,KT,
MT854151,G,197,_,Q
MT854151,G,203,Q,_
MT854151,G,207,E,K
MT854151,G,210,H,Y
MT854151,G,211,Q,K
MT854151,G,217,N,T
MT854151,G,227,K,_
MT854151,G,233,D,T
MT854151,G,238,Y,H
MT854151,G,240,Q,_
MT854151,G,248,H,Q
MT854151,G,257,L,P
MT854151,G,262,A,V
MT854151,G,268,R,K
MT854151,G,277,P,L
MT854151,G,282,R,Q
MT854151,G,286,Q,K
MT854151,G,298,Y,H
MT854152,G,84,G,C
MT854152,G,95,K,E
MT854152,G,96,K,E
MT854152,G,98,H,N
MT854152,G,105,P,L
MT854152,G,111,L,P
MT854152,G,114,T,P
MT854152,G,115,T,N
MT854152,G,116,Y,H
MT854152,G,119,I,T
MT854152,G,125,F,L
MT854152,G,131,Q,_
MT854152,G,132,H,Y
MT854152,G,134,V,I
MT854152,G,139,H,Y
MT854152,G,148,H,L
MT854152,G,149,H,Y
MT854152,G,150,L,P
MT854152,G,153,D,E
MT854152,G,157,E,K
MT854152,G,162,P,S
MT854152,G,168,KT,
MT854152,G,197,_,Q
MT854152,G,203,Q,_
MT854152,G,207,E,K
MT854152,G,210,H,Y
MT854152,G,211,Q,K
MT854152,G,217,N,T
MT854152,G,227,K,_
MT854152,G,233,D,T
MT854152,G,238,Y,H
MT854152,G,240,Q,_
MT854152,G,246,N,Y
MT854152,G,248,H,Q
MT854152,G,257,L,P
MT854152,G,268,R,K
MT854152,G,277,P,L
MT854152,G,286,Q,K
MT854152,G,298,Y,H
MT854153,G,84,G,C
MT854153,G,95,K,E
MT854153,G,96,K,E
MT854153,G,98,H,N
MT854153,G,105,P,L
MT854153,G,111,L,P
MT854153,G,114,T,P
MT854153,G,115,T,N
MT854153,G,116,Y,H
MT854153,G,119,I,T
MT854153,G,125,F,L
MT854153,G,131,Q,_
MT854153,G,132,H,Y
MT854153,G,134,V,I
MT854153,G,139,H,Y
MT854153,G,148,H,L
MT854153,G,149,H,Y
MT854153,G,150,L,S
MT854153,G,153,D,E
MT854153,G,157,E,K
MT854153,G,162,P,S
MT854153,G,168,KT,
MT854153,G,183,L,M
MT854153,G,197,_,Q
MT854153,G,203,Q,_
MT854153,G,207,E,K
MT854153,G,210,H,Y
MT854153,G,211,Q,K
MT854153,G,217,N,T
MT854153,G,227,K,Q
MT854153,G,233,D,T
MT854153,G,238,Y,H
MT854153,G,240,Q,_
MT854153,G,248,H,Q
MT854153,G,257,L,P
MT854153,G,268,R,K
MT854153,G,277,P,L
MT854153,G,286,Q,K
MT854153,G,298,Y,H
MT854154,G,84,G,C
MT854154,G,95,K,E
MT854154,G,96,K,E
MT854154,G,98,H,N
MT854154,G,105,P,L
MT854154,G,111,L,P
MT854154,G,114,T,P
MT854154,G,115,T,N
MT854154,G,116,Y,H
MT854154,G,119,I,T
MT854154,G,125,F,L
MT854154,G,131,Q,_
MT854154,G,132,H,Y
MT854154,G,134,V,I
MT854154,G,139,H,Y
MT854154,G,148,H,L
MT854154,G,149,H,Y
MT854154,G,150,L,S
MT854154,G,153,D,E
MT854154,G,157,E,K
MT854154,G,162,P,S
MT854154,G,168,KT,
MT854154,G,197,_,Q
MT854154,G,203,Q,_
MT854154,G,207,E,K
MT854154,G,210,H,Y
MT854154,G,211,Q,K
MT854154,G,217,N,T
MT854154,G,227,K,Q
MT854154,G,233,D,T
MT854154,G,238,Y,H
MT854154,G,242,N,S
MT854154,G,248,H,Q
MT854154,G,257,L,P
MT854154,G,268,R,K
MT854154,G,277,P,L
MT854154,G,298,Y,H
MT854155,G,84,G,C
MT854155,G,95,K,E
MT854155,G,96,K,E
MT854155,G,98,H,N
MT854155,G,105,P,L
MT854155,G,111,L,P
MT854155,G,114,T,P
MT854155,G,115,T,N
MT854155,G,116,Y,H
MT854155,G,119,I,T
MT854155,G,125,F,L
MT854155,G,131,Q,_
MT854155,G,132,H,Y
MT854155,G,134,V,I
MT854155,G,137,T,K
MT854155,G,139,H,Y
MT854155,G,148,H,L
MT854155,G,149,H,Y
MT854155,G,150,L,S
MT854155,G,153,D,E
MT854155,G,157,E,K
MT854155,G,162,P,S
MT854155,G,168,KT,
MT854155,G,197,_,Q
MT854155,G,203,Q,_
MT854155,G,207,E,K
MT854155,G,210,H,Y
MT854155,G,211,Q,K
MT854155,G,217,N,T
MT854155,G,227,K,_
MT854155,G,233,D,T
MT854155,G,238,Y,H
MT854155,G,240,Q,_
MT854155,G,248,H,Q
MT854155,G,257,L,P
MT854155,G,268,R,K
MT854155,G,276,P,S
MT854155,G,277,P,L
MT854155,G,286,Q,K
MT854155,G,298,Y,H
MT854156,G,84,G,C
MT854156,G,95,K,E
MT854156,G,96,K,E
MT854156,G,98,H,N
MT854156,G,105,P,L
MT854156,G,111,L,P
MT854156,G,114,T,P
MT854156,G,115,T,N
MT854156,G,116,Y,H
MT854156,G,119,I,T
MT854156,G,125,F,L
MT854156,G,131,Q,_
MT854156,G,132,H,Y
MT854156,G,134,V,I
MT854156,G,139,H,Y
MT854156,G,148,H,L
MT854156,G,149,H,Y
MT854156,G,150,L,S
MT854156,G,153,D,E
MT854156,G,157,E,K
MT854156,G,162,P,S
MT854156,G,168,KT,
MT854156,G,197,_,Q
MT854156,G,203,Q,_
MT854156,G,207,E,K
MT854156,G,210,H,Y
MT854156,G,211,Q,K
MT854156,G,217,N,T
MT854156,G,227,K,Q
MT854156,G,233,D,T
MT854156,G,238,Y,H
MT854156,G,248,H,_
MT854156,G,257,L,P
MT854156,G,268,R,K
MT854156,G,277,P,L
MT854156,G,286,Q,R
MT854156,G,288,H,Y
MT854156,G,298,Y,H
MT854157,G,84,G,C
MT854157,G,95,K,E
MT854157,G,96,K,E
MT854157,G,98,H,N
MT854157,G,105,P,L
MT854157,G,111,L,P
MT854157,G,114,T,P
MT854157,G,115,T,N
MT854157,G,116,Y,H
MT854157,G,119,I,T
MT854157,G,125,F,L
MT854157,G,131,Q,_
MT854157,G,132,H,Y
MT854157,G,134,V,I
MT854157,G,139,H,Y
MT854157,G,148,H,L
MT854157,G,149,H,Y
MT854157,G,150,L,S
MT854157,G,153,D,E
MT854157,G,157,E,K
MT854157,G,162,P,S
MT854157,G,168,KT,
MT854157,G,197,_,Q
MT854157,G,203,Q,_
MT854157,G,207,E,K
MT854157,G,210,H,Y
MT854157,G,211,Q,K
MT854157,G,217,N,T
MT854157,G,227,K,Q
MT854157,G,233,D,T
MT854157,G,238,Y,H
MT854157,G,248,H,Q
MT854157,G,257,L,P
MT854157,G,268,R,K
MT854157,G,286,Q,K
MT854157,G,298,Y,H
MT854158,G,84,G,C
MT854158,G,95,K,E
MT854158,G,96,K,E
MT854158,G,98,H,N
MT854158,G,105,P,L
MT854158,G,111,L,P
MT854158,G,114,T,P
MT854158,G,115,T,N
MT854158,G,116,Y,H
MT854158,G,119,I,T
MT854158,G,125,F,L
MT854158,G,131,Q,_
MT854158,G,132,H,Y
MT854158,G,134,V,I
MT854158,G,139,H,Y
MT854158,G,148,H,L
MT854158,G,149,H,Y
MT854158,G,150,L,S
MT854158,G,153,D,E
MT854158,G,157,E,K
MT854158,G,162,P,S
MT854158,G,168,KT,
MT854158,G,197,_,Q
MT854158,G,203,Q,_
MT854158,G,207,E,K
MT854158,G,210,H,Y
MT854158,G,211,Q,K
MT854158,G,217,N,T
MT854158,G,227,K,Q
MT854158,G,233,D,T
MT854158,G,238,Y,H
MT854158,G,248,H,Q
MT854158,G,257,L,P
MT854158,G,268,R,K
MT854158,G,286,Q,K
MT854158,G,298,Y,H
MT854159,G,84,G,C
MT854159,G,95,K,E
MT854159,G,96,K,E
MT854159,G,98,H,N
MT854159,G,105,P,L
MT854159,G,111,L,P
MT854159,G,114,T,P
MT854159,G,115,T,N
MT854159,G,116,Y,H
MT854159,G,119,I,T
MT854159,G,125,F,L
MT854159,G,131,Q,_
MT854159,G,132,H,Y
MT854159,G,134,V,I
MT854159,G,139,H,Y
MT854159,G,148,H,L
MT854159,G,149,H,Y
MT854159,G,150,L,S
MT854159,G,153,D,E
MT854159,G,157,E,K
MT854159,G,162,P,S
MT854159,G,168,KT,
MT854159,G,197,_,Q
MT854159,G,203,Q,_
MT854159,G,207,E,K
MT854159,G,210,H,Y
MT854159,G,211,Q,K
MT854159,G,217,N,T
MT854159,G,227,K,Q
MT854159,G,233,D,T
MT854159,G,238,Y,H
MT854159,G,248,H,Q
MT854159,G,257,L,P
MT854159,G,268,R,K
MT854159,G,286,Q,K
MT854159,G,298,Y,H
MT854160,G,84,G,C
MT854160,G,95,K,E
MT854160,G,96,K,E
MT854160,G,98,H,N
MT854160,G,105,P,L
MT854160,G,111,L,P
MT854160,G,114,T,P
MT854160,G,115,T,N
MT854160,G,116,Y,H
MT854160,G,119,I,T
MT854160,G,125,F,L
MT854160,G,131,Q,_
MT854160,G,132,H,Y
MT854160,G,134,V,I
MT854160,G,139,H,Y
MT854160,G,148,H,L
MT854160,G,149,H,Y
MT854160,G,150,L,S
MT854160,G,153,D,E
MT854160,G,157,E,K
MT854160,G,162,P,S
MT854160,G,168,KT,
MT854160,G,197,_,Q
MT854160,G,203,Q,_
MT854160,G,207,E,K
MT854160,G,210,H,Y
MT854160,G,211,Q,K
MT854160,G,217,N,T
MT854160,G,227,K,Q
MT854160,G,233,D,T
MT854160,G,238,Y,H
MT854160,G,248,H,Q
MT854160,G,257,L,P
MT854160,G,268,R,K
MT854160,G,286,Q,K
MT854160,G,298,Y,H
MT854161,G,84,G,C
MT854161,G,95,K,E
MT854161,G,96,K,E
MT854161,G,98,H,N
MT854161,G,105,P,L
MT854161,G,111,L,P
MT854161,G,114,T,P
MT854161,G,115,T,N
MT854161,G,116,Y,H
MT854161,G,119,I,T
MT854161,G,125,F,L
MT854161,G,131,Q,_
MT854161,G,132,H,Y
MT854161,G,134,V,I
MT854161,G,139,H,Y
MT854161,G,148,H,L
MT854161,G,149,H,Y
MT854161,G,150,L,S
MT854161,G,153,D,E
MT854161,G,157,E,K
MT854161,G,162,P,S
MT854161,G,168,KT,
MT854161,G,197,_,Q
MT854161,G,203,Q,_
MT854161,G,207,E,K
MT854161,G,210,H,Y
MT854161,G,211,Q,K
MT854161,G,217,N,T
MT854161,G,227,K,Q
MT854161,G,233,D,T
MT854161,G,235,K,Q
MT854161,G,238,Y,H
MT854161,G,248,H,Q
MT854161,G,257,L,P
MT854161,G,268,R,K
MT854161,G,286,Q,K
MT854161,G,298,Y,H
MT854162,G,84,G,C
MT854162,G,95,K,E
MT854162,G,96,K,E
MT854162,G,98,H,N
MT854162,G,105,P,L
MT854162,G,111,L,P
MT854162,G,114,T,P
MT854162,G,115,T,N
MT854162,G,116,Y,H
MT854162,G,119,I,T
MT854162,G,125,F,L
MT854162,G,131,Q,_
MT854162,G,132,H,Y
MT854162,G,134,V,I
MT854162,G,139,H,Y
MT854162,G,148,H,L
MT854162,G,149,H,Y
MT854162,G,150,L,S
MT854162,G,153,D,E
MT854162,G,157,E,K
MT854162,G,162,P,S
MT854162,G,168,KT,
MT854162,G,197,_,Q
MT854162,G,203,Q,_
MT854162,G,207,E,K
MT854162,G,210,H,Y
MT854162,G,211,Q,K
MT854162,G,217,N,T
MT854162,G,227,K,Q
MT854162,G,233,D,T
MT854162,G,235,K,Q
MT854162,G,238,Y,H
MT854162,G,248,H,Q
MT854162,G,257,L,P
MT854162,G,268,R,K
MT854162,G,286,Q,K
MT854162,G,298,Y,H
MT854163,G,84,G,C
MT854163,G,95,K,E
MT854163,G,96,K,E
MT854163,G,98,H,N
MT854163,G,105,P,L
MT854163,G,111,L,P
MT854163,G,114,T,P
MT854163,G,115,T,N
MT854163,G,116,Y,H
MT854163,G,119,I,T
MT854163,G,125,F,L
MT854163,G,131,Q,_
MT854163,G,132,H,Y
MT854163,G,134,V,I
MT854163,G,139,H,Y
MT854163,G,148,H,L
MT854163,G,149,H,Y
MT854163,G,150,L,S
MT854163,G,153,D,E
MT854163,G,157,E,K
MT854163,G,162,P,S
MT854163,G,168,KT,
MT854163,G,181,R,C
MT854163,G,197,_,Q
MT854163,G,203,Q,_
MT854163,G,207,E,K
MT854163,G,210,H,Y
MT854163,G,211,Q,K
MT854163,G,217,N,T
MT854163,G,227,K,Q
MT854163,G,233,D,T
MT854163,G,238,Y,H
MT854163,G,248,H,Q
MT854163,G,257,L,P
MT854163,G,268,R,K
MT854163,G,286,Q,K
MT854163,G,298,Y,H
MT854164,G,111,L,P
MT854164,G,114,T,P
MT854164,G,115,T,N
MT854164,G,116,Y,H
MT854164,G,117,N,G
MT854164,G,118,H,G
MT854164,G,119,I,T
MT854164,G,125,F,L
MT854164,G,131,Q,_
MT854164,G,132,H,Y
MT854164,G,134,V,I
MT854164,G,139,H,Y
MT854164,G,148,H,L
MT854164,G,149,H,Y
MT854164,G,150,L,S
MT854164,G,153,D,E
MT854164,G,157,E,K
MT854164,G,162,P,S
MT854164,G,168,KT,
MT854164,G,197,_,Q
MT854164,G,203,Q,_
MT854164,G,207,E,K
MT854164,G,210,H,Y
MT854164,G,211,Q,K
MT854164,G,217,N,T
MT854164,G,227,K,Q
MT854164,G,233,D,T
MT854164,G,238,Y,H
MT854164,G,248,H,Q
MT854164,G,257,L,P
MT854164,G,268,R,K
MT854164,G,286,Q,K
MT854164,G,298,Y,H
MT854165,G,84,G,C
MT854165,G,88,N,T
MT854165,G,95,K,E
MT854165,G,96,K,E
MT854165,G,98,H,N
MT854165,G,105,P,L
MT854165,G,111,L,P
MT854165,G,114,T,P
MT854165,G,115,T,N
MT854165,G,116,Y,H
MT854165,G,119,I,T
MT854165,G,125,F,L
MT854165,G,131,Q,_
MT854165,G,132,H,Y
MT854165,G,134,V,I
MT854165,G,139,H,Y
MT854165,G,148,H,L
MT854165,G,149,H,Y
MT854165,G,150,L,S
MT854165,G,153,D,E
MT854165,G,157,E,K
MT854165,G,162,P,S
MT854165,G,168,KT,
MT854165,G,171,R,G
MT854165,G,197,_,Q
MT854165,G,203,Q,_
MT854165,G,207,E,K
MT854165,G,210,H,Y
MT854165,G,211,Q,K
MT854165,G,217,N,T
MT854165,G,227,K,_
MT854165,G,233,D,T
MT854165,G,238,Y,H
MT854165,G,240,Q,_
MT854165,G,248,H,Q
MT854165,G,257,L,P
MT854165,G,268,R,K
MT854166,G,84,G,C
MT854166,G,95,K,E
MT854166,G,96,K,E
MT854166,G,98,H,N
MT854166,G,105,P,L
MT854166,G,111,L,P
MT854166,G,114,T,P
MT854166,G,115,T,N
MT854166,G,116,Y,H
MT854166,G,119,I,T
MT854166,G,125,F,L
MT854166,G,131,Q,_
MT854166,G,132,H,Y
MT854166,G,134,V,I
MT854166,G,139,H,Y
MT854166,G,148,H,L
MT854166,G,149,H,Y
MT854166,G,150,L,S
MT854166,G,153,D,E
MT854166,G,157,E,K
MT854166,G,162,P,S
MT854166,G,168,KT,
MT854166,G,171,R,G
MT854166,G,197,_,Q
MT854166,G,203,Q,_
MT854166,G,207,E,K
MT854166,G,210,H,Y
MT854166,G,211,Q,K
MT854166,G,217,N,T
MT854166,G,227,K,_
MT854166,G,233,D,T
MT854166,G,238,Y,H
MT854166,G,240,Q,_
MT854166,G,248,H,Q
MT854166,G,257,L,P
MT854166,G,268,R,K
MT854167,G,84,G,C
MT854167,G,88,N,S
MT854167,G,95,K,E
MT854167,G,96,K,E
MT854167,G,98,H,N
MT854167,G,105,P,L
MT854167,G,111,L,P
MT854167,G,114,T,P
MT854167,G,115,T,N
MT854167,G,116,Y,H
MT854167,G,119,I,T
MT854167,G,125,F,L
MT854167,G,131,Q,_
MT854167,G,132,H,Y
MT854167,G,134,V,I
MT854167,G,139,H,Y
MT854167,G,148,H,L
MT854167,G,149,H,Y
MT854167,G,150,L,S
MT854167,G,153,D,E
MT854167,G,157,E,K
MT854167,G,162,P,S
MT854167,G,168,KT,
MT854167,G,197,_,Q
MT854167,G,203,Q,_
MT854167,G,207,E,K
MT854167,G,210,H,Y
MT854167,G,211,Q,K
MT854167,G,217,N,T
MT854167,G,227,K,_
MT854167,G,233,D,T
MT854167,G,238,Y,H
MT854167,G,240,Q,_
MT854167,G,248,H,Q
MT854167,G,257,L,P
MT854167,G,268,R,K
MT854167,G,275,I,V
MT854167,G,277,P,L
MT854167,G,279,N,D
MT854167,G,283,K,G
MT854167,G,286,Q,G
MT854167,G,290,N,D
MT854167,G,294,I,L
MT854167,G,298,Y,H
MT854168,G,84,G,C
MT854168,G,95,K,E
MT854168,G,96,K,E
MT854168,G,98,H,N
MT854168,G,105,P,L
MT854168,G,111,L,P
MT854168,G,114,T,P
MT854168,G,115,T,N
MT854168,G,116,Y,H
MT854168,G,119,I,T
MT854168,G,125,F,L
MT854168,G,131,Q,_
MT854168,G,132,H,Y
MT854168,G,134,V,I
MT854168,G,139,H,Y
MT854168,G,148,H,L
MT854168,G,149,H,Y
MT854168,G,150,L,S
MT854168,G,153,D,E
MT854168,G,157,E,K
MT854168,G,162,P,S
MT854168,G,168,KT,
MT854168,G,197,_,Q
MT854168,G,203,Q,_
MT854168,G,207,E,K
MT854168,G,210,H,Y
MT854168,G,211,Q,K
MT854168,G,217,N,T
MT854168,G,227,K,_
MT854168,G,233,D,T
MT854168,G,238,Y,H
MT854168,G,240,Q,_
MT854168,G,248,H,Q
MT854168,G,257,L,P
MT854168,G,268,R,K
MT854169,G,84,G,C
MT854169,G,95,K,E
MT854169,G,96,K,E
MT854169,G,98,H,N
MT854169,G,105,P,L
MT854169,G,111,L,P
MT854169,G,114,T,P
MT854169,G,115,T,N
MT854169,G,116,Y,H
MT854169,G,119,I,T
MT854169,G,125,F,L
MT854169,G,131,Q,_
MT854169,G,132,H,Y
MT854169,G,134,V,I
MT854169,G,139,H,Y
MT854169,G,148,H,L
MT854169,G,149,H,Y
MT854169,G,150,L,S
MT854169,G,153,D,E
MT854169,G,157,E,K
MT854169,G,162,P,S
MT854169,G,166,T,A
MT854169,G,168,KT,
MT854169,G,197,_,Q
MT854169,G,203,Q,_
MT854169,G,207,E,K
MT854169,G,210,H,Y
MT854169,G,211,Q,K
MT854169,G,217,N,T
MT854169,G,227,K,Q
MT854169,G,233,D,T
MT854169,G,238,Y,H
MT854169,G,240,Q,_
MT854169,G,248,H,Q
MT854169,G,257,L,P
MT854169,G,268,R,K
MT854169,G,277,P,L
MT854169,G,286,Q,G
MT854169,G,288,H,R
MT854169,G,289,T,R
MT854169,G,290,N,D
MT854169,G,294,I,L
MT854169,G,298,Y,H
MT854170,G,84,G,C
MT854170,G,95,K,E
MT854170,G,96,K,E
MT854170,G,98,H,N
MT854170,G,105,P,L
MT854170,G,111,L,P
MT854170,G,114,T,P
MT854170,G,115,T,N
MT854170,G,116,Y,H
MT854170,G,119,I,T
MT854170,G,125,F,L
MT854170,G,131,Q,_
MT854170,G,132,H,Y
MT854170,G,134,V,I
MT854170,G,139,H,Y
MT854170,G,148,H,L
MT854170,G,149,H,Y
MT854170,G,150,L,S
MT854170,G,153,D,E
MT854170,G,157,E,K
MT854170,G,162,P,S
MT854170,G,168,KT,
MT854170,G,197,_,Q
MT854170,G,203,Q,_
MT854170,G,207,E,K
MT854170,G,210,H,Y
MT854170,G,211,Q,K
MT854170,G,217,N,T
MT854170,G,227,K,Q
MT854170,G,233,D,T
MT854170,G,238,Y,H
MT854170,G,248,H,Q
MT854170,G,257,L,P
MT854170,G,268,R,K
MT854170,G,271,N,S
MT854170,G,275,I,V
MT854170,G,277,P,L
MT854170,G,286,Q,E
MT854170,G,290,N,D
MT854170,G,294,I,L
MT854170,G,298,Y,H
MT854171,G,84,G,C
MT854171,G,95,K,E
MT854171,G,96,K,E
MT854171,G,98,H,N
MT854171,G,105,P,L
MT854171,G,111,L,P
MT854171,G,114,T,P
MT854171,G,115,T,N
MT854171,G,116,Y,H
MT854171,G,119,I,T
MT854171,G,125,F,L
MT854171,G,131,Q,_
MT854171,G,132,H,Y
MT854171,G,134,V,I
MT854171,G,139,H,Y
MT854171,G,148,H,L
MT854171,G,149,H,Y
MT854171,G,150,L,S
MT854171,G,153,D,E
MT854171,G,157,E,K
MT854171,G,162,P,S
MT854171,G,168,KT,
MT854171,G,197,_,Q
MT854171,G,203,Q,_
MT854171,G,207,E,K
MT854171,G,210,H,Y
MT854171,G,211,Q,K
MT854171,G,217,N,T
MT854171,G,227,K,Q
MT854171,G,233,D,T
MT854171,G,238,Y,H
MT854171,G,248,H,Q
MT854171,G,257,L,P
MT854171,G,268,R,K
MT854171,G,277,P,L
MT854171,G,286,Q,E
MT854171,G,290,N,D
MT854171,G,294,I,L
MT854171,G,298,Y,H
MT854172,G,84,G,C
MT854172,G,95,K,E
MT854172,G,96,K,E
MT854172,G,98,H,N
MT854172,G,105,P,L
MT854172,G,111,L,P
MT854172,G,114,T,P
MT854172,G,115,T,N
MT854172,G,116,Y,H
MT854172,G,119,I,T
MT854172,G,125,F,L
MT854172,G,131,Q,_
MT854172,G,132,H,Y
MT854172,G,134,V,I
MT854172,G,139,H,Y
MT854172,G,148,H,L
MT854172,G,149,H,Y
MT854172,G,150,L,S
MT854172,G,153,D,E
MT854172,G,157,E,K
MT854172,G,162,P,S
MT854172,G,168,KT,
MT854172,G,194,I,V
MT854172,G,197,_,Q
MT854172,G,203,Q,_
MT854172,G,207,E,K
MT854172,G,210,H,Y
MT854172,G,211,Q,K
MT854172,G,217,N,T
MT854172,G,227,K,Q
MT854172,G,233,D,T
MT854172,G,238,Y,H
MT854172,G,240,Q,_
MT854172,G,248,H,Q
MT854172,G,257,L,P
MT854172,G,268,R,K
MT854172,G,275,I,V
MT854172,G,277,P,L
MT854172,G,286,Q,K
MT854172,G,294,I,L
MT854172,G,298,Y,H
MT854173,G,84,G,C
MT854173,G,95,K,E
MT854173,G,96,K,E
MT854173,G,98,H,N
MT854173,G,105,P,L
MT854173,G,111,L,P
MT854173,G,114,T,P
MT854173,G,115,T,N
MT854173,G,116,Y,H
MT854173,G,119,I,T
MT854173,G,125,F,L
MT854173,G,131,Q,_
MT854173,G,132,H,Y
MT854173,G,134,V,I
MT854173,G,139,H,Y
MT854173,G,148,H,L
MT854173,G,149,H,Y
MT854173,G,150,L,S
MT854173,G,153,D,E
MT854173,G,157,E,K
MT854173,G,162,P,S
MT854173,G,168,KT,
MT854173,G,194,I,V
MT854173,G,197,_,Q
MT854173,G,203,Q,_
MT854173,G,207,E,K
MT854173,G,210,H,Y
MT854173,G,211,Q,K
MT854173,G,217,N,T
MT854173,G,227,K,Q
MT854173,G,233,D,T
MT854173,G,238,Y,H
MT854173,G,240,Q,_
MT854173,G,248,H,Q
MT854173,G,257,L,P
MT854173,G,268,R,K
MT854173,G,275,I,V
MT854173,G,277,P,L
MT854173,G,283,K,G
MT854173,G,286,Q,G
MT854173,G,289,T,R
MT854173,G,290,N,Y
MT854173,G,294,I,L
MT854173,G,298,Y,H
MT854174,G,84,G,C
MT854174,G,95,K,E
MT854174,G,96,K,E
MT854174,G,98,H,N
MT854174,G,105,P,L
MT854174,G,111,L,P
MT854174,G,114,T,P
MT854174,G,115,T,N
MT854174,G,116,Y,H
MT854174,G,119,I,T
MT854174,G,125,F,L
MT854174,G,131,Q,_
MT854174,G,132,H,Y
MT854174,G,134,V,I
MT854174,G,139,H,Y
MT854174,G,148,H,L
MT854174,G,149,H,Y
MT854174,G,150,L,S
MT854174,G,153,D,E
MT854174,G,157,E,K
MT854174,G,162,P,S
MT854174,G,168,KT,
MT854174,G,197,_,Q
MT854174,G,203,Q,_
MT854174,G,207,E,K
MT854174,G,210,H,Y
MT854174,G,211,Q,K
MT854174,G,217,N,T
MT854174,G,227,K,Q
MT854174,G,233,D,T
MT854174,G,238,Y,H
MT854174,G,248,H,Q
MT854174,G,257,L,P
MT854174,G,268,R,K
MT854174,G,275,I,V
MT854174,G,277,P,L
MT854174,G,279,N,G
MT854174,G,283,K,G
MT854174,G,286,Q,E
MT854174,G,289,T,P
MT854174,G,290,N,D
MT854174,G,294,I,L
MT854174,G,298,Y,H
MT854175,G,84,G,C
MT854175,G,95,K,E
MT854175,G,96,K,E
MT854175,G,98,H,N
MT854175,G,105,P,L
MT854175,G,111,L,P
MT854175,G,114,T,P
MT854175,G,115,T,N
MT854175,G,116,Y,H
MT854175,G,119,I,T
MT854175,G,125,F,L
MT854175,G,131,Q,_
MT854175,G,132,H,Y
MT854175,G,134,V,I
MT854175,G,139,H,Y
MT854175,G,148,H,L
MT854175,G,149,H,Y
MT854175,G,150,L,S
MT854175,G,153,D,E
MT854175,G,157,E,K
MT854175,G,162,P,S
MT854175,G,168,KT,
MT854175,G,197,_,Q
MT854175,G,203,Q,_
MT854175,G,207,E,K
MT854175,G,210,H,Y
MT854175,G,211,Q,K
MT854175,G,217,N,T
MT854175,G,221,H,Y
MT854175,G,227,K,_
MT854175,G,233,D,T
MT854175,G,238,Y,H
MT854175,G,240,Q,_
MT854175,G,248,H,Q
MT854175,G,257,L,P
MT854175,G,268,R,K
MT854175,G,275,I,V
MT854175,G,277,P,L
MT854175,G,283,K,G
MT854175,G,284,H,N
MT854175,G,286,Q,E
MT854175,G,289,T,R
MT854175,G,290,N,D
MT854175,G,294,I,L
MT854175,G,298,Y,H
MT854176,G,84,G,C
MT854176,G,95,K,E
MT854176,G,96,K,E
MT854176,G,98,H,N
MT854176,G,105,P,L
MT854176,G,111,L,P
MT854176,G,114,T,P
MT854176,G,115,T,N
MT854176,G,116,Y,H
MT854176,G,119,I,T
MT854176,G,125,F,L
MT854176,G,131,Q,_
MT854176,G,132,H,Y
MT854176,G,134,V,I
MT854176,G,139,H,Y
MT854176,G,148,H,L
MT854176,G,149,H,Y
MT854176,G,150,L,S
MT854176,G,153,D,E
MT854176,G,157,E,K
MT854176,G,162,P,S
MT854176,G,168,KT,
MT854176,G,197,_,Q
MT854176,G,203,Q,_
MT854176,G,207,E,K
MT854176,G,210,H,Y
MT854176,G,211,Q,K
MT854176,G,217,N,T
MT854176,G,227,K,Q
MT854176,G,233,D,T
MT854176,G,238,Y,H
MT854176,G,248,H,Q
MT854176,G,257,L,P
MT854176,G,268,R,K
MT854177,G,84,G,C
MT854177,G,95,K,E
MT854177,G,96,K,E
MT854177,G,98,H,N
MT854177,G,105,P,L
MT854177,G,111,L,P
MT854177,G,114,T,P
MT854177,G,115,T,N
MT854177,G,116,Y,H
MT854177,G,119,I,T
MT854177,G,125,F,L
MT854177,G,131,Q,_
MT854177,G,132,H,Y
MT854177,G,134,V,I
MT854177,G,139,H,Y
MT854177,G,148,H,L
MT854177,G,149,H,Y
MT854177,G,150,L,S
MT854177,G,153,D,E
MT854177,G,157,E,K
MT854177,G,162,P,S
MT854177,G,168,KT,
MT854177,G,197,_,Q
MT854177,G,203,Q,_
MT854177,G,207,E,K
MT854177,G,210,H,Y
MT854177,G,211,Q,K
MT854177,G,217,N,T
MT854177,G,227,K,Q
MT854177,G,233,D,T
MT854177,G,238,Y,H
MT854177,G,248,H,Q
MT854177,G,257,L,P
MT854177,G,268,R,K
MT854178,G,84,G,C
MT854178,G,95,K,E
MT854178,G,96,K,E
MT854178,G,98,H,N
MT854178,G,105,P,L
MT854178,G,111,L,P
MT854178,G,114,T,P
MT854178,G,115,T,N
MT854178,G,116,Y,H
MT854178,G,119,I,T
MT854178,G,125,F,L
MT854178,G,131,Q,_
MT854178,G,132,H,Y
MT854178,G,134,V,I
MT854178,G,139,H,Y
MT854178,G,148,H,L
MT854178,G,149,H,Y
MT854178,G,150,L,S
MT854178,G,153,D,E
MT854178,G,157,E,K
MT854178,G,162,P,S
MT854178,G,168,KT,
MT854178,G,197,_,Q
MT854178,G,203,Q,_
MT854178,G,207,E,K
MT854178,G,210,H,Y
MT854178,G,211,Q,K
MT854178,G,217,N,T
MT854178,G,227,K,Q
MT854178,G,233,D,T
MT854178,G,238,Y,H
MT854178,G,248,H,Q
MT854178,G,257,L,P
MT854178,G,268,R,K
MT854178,G,274,A,E
MT854178,G,283,K,G
MT854178,G,284,H,R
MT854178,G,286,Q,K
MT854178,G,290,N,G
MT854178,G,291,T,A
MT854178,G,294,I,L
MT854178,G,298,Y,H
MT854179,G,84,G,C
MT854179,G,95,K,E
MT854179,G,96,K,E
MT854179,G,98,H,N
MT854179,G,105,P,L
MT854179,G,111,L,P
MT854179,G,114,T,P
MT854179,G,115,T,N
MT854179,G,116,Y,H
MT854179,G,119,I,T
MT854179,G,125,F,L
MT854179,G,131,Q,_
MT854179,G,132,H,Y
MT854179,G,134,V,I
MT854179,G,139,H,Y
MT854179,G,148,H,L
MT854179,G,149,H,Y
MT854179,G,150,L,S
MT854179,G,153,D,E
MT854179,G,157,E,K
MT854179,G,162,P,S
MT854179,G,168,KT,
MT854179,G,197,_,Q
MT854179,G,203,Q,_
MT854179,G,207,E,K
MT854179,G,210,H,Y
MT854179,G,211,Q,K
MT854179,G,217,N,T
MT854179,G,227,K,Q
MT854179,G,233,D,T
MT854179,G,238,Y,H
MT854179,G,248,H,Q
MT854179,G,257,L,P
MT854179,G,268,R,K
MT854180,G,84,G,L
MT854180,G,95,K,E
MT854180,G,96,K,E
MT854180,G,98,H,N
MT854180,G,105,P,L
MT854180,G,111,L,P
MT854180,G,114,T,P
MT854180,G,115,T,N
MT854180,G,116,Y,H
MT854180,G,119,I,T
MT854180,G,125,F,L
MT854180,G,131,Q,_
MT854180,G,132,H,Y
MT854180,G,134,V,I
MT854180,G,139,H,Y
MT854180,G,148,H,L
MT854180,G,149,H,Y
MT854180,G,150,L,S
MT854180,G,153,D,E
MT854180,G,157,E,K
MT854180,G,162,P,S
MT854180,G,168,KT,
MT854180,G,197,_,Q
MT854180,G,203,Q,_
MT854180,G,207,E,K
MT854180,G,210,H,Y
MT854180,G,211,Q,K
MT854180,G,217,N,T
MT854180,G,227,K,Q
MT854180,G,233,D,T
MT854180,G,238,Y,H
MT854180,G,240,Q,_
MT854180,G,248,H,Q
MT854180,G,268,R,K
MT854180,G,277,P,L
MT854180,G,283,K,G
MT854180,G,284,H,N
MT854180,G,286,Q,K
MT854180,G,289,T,R
MT854180,G,290,N,D
MT854180,G,292,H,Q
MT854180,G,294,I,L
MT854180,G,298,Y,H
MT854181,G,84,G,C
MT854181,G,95,K,E
MT854181,G,96,K,E
MT854181,G,98,H,N
MT854181,G,105,P,L
MT854181,G,111,L,P
MT854181,G,114,T,P
MT854181,G,115,T,N
MT854181,G,116,Y,H
MT854181,G,119,I,T
MT854181,G,125,F,L
MT854181,G,131,Q,_
MT854181,G,132,H,Y
MT854181,G,134,V,I
MT854181,G,139,H,Y
MT854181,G,148,H,L
MT854181,G,149,H,Y
MT854181,G,150,L,S
MT854181,G,153,D,E
MT854181,G,157,E,K
MT854181,G,162,P,S
MT854181,G,168,KT,
MT854181,G,197,_,Q
MT854181,G,203,Q,_
MT854181,G,207,E,K
MT854181,G,210,H,Y
MT854181,G,211,Q,K
MT854181,G,217,N,T
MT854181,G,227,K,Q
MT854181,G,233,D,T
MT854181,G,238,Y,H
MT854181,G,240,Q,_
MT854181,G,248,H,Q
MT854181,G,257,L,P
MT854181,G,268,R,K
MT854181,G,277,P,L
MT854181,G,283,K,G
MT854181,G,284,H,R
MT854181,G,285,T,A
MT854181,G,286,Q,G
MT854181,G,288,H,P
MT854181,G,290,N,D
MT854181,G,291,T,A
MT854181,G,292,H,P
MT854181,G,294,I,L
MT854181,G,298,Y,H
MT854182,G,84,G,C
MT854182,G,95,K,E
MT854182,G,96,K,E
MT854182,G,98,H,N
MT854182,G,105,P,L
MT854182,G,111,L,P
MT854182,G,114,T,P
MT854182,G,115,T,N
MT854182,G,116,Y,H
MT854182,G,119,I,T
MT854182,G,125,F,L
MT854182,G,131,Q,_
MT854182,G,132,H,Y
MT854182,G,134,V,I
MT854182,G,139,H,Y
MT854182,G,148,H,L
MT854182,G,149,H,Y
MT854182,G,150,L,S
MT854182,G,153,D,E
MT854182,G,157,E,K
MT854182,G,162,P,S
MT854182,G,168,KT,
MT854182,G,171,R,G
MT854182,G,197,_,Q
MT854182,G,203,Q,_
MT854182,G,207,E,K
MT854182,G,210,H,Y
MT854182,G,211,Q,K
MT854182,G,217,N,T
MT854182,G,227,K,_
MT854182,G,233,D,T
MT854182,G,238,Y,H
MT854182,G,240,Q,_
MT854182,G,248,H,Q
MT854182,G,257,L,P
MT854182,G,268,R,K
MT854182,G,277,P,L
MT854182,G,283,K,G
MT854182,G,286,Q,E
MT854182,G,291,T,P
MT854182,G,294,I,F
MT854182,G,298,Y,H
MT854183,G,84,G,C
MT854183,G,95,K,E
MT854183,G,96,K,E
MT854183,G,98,H,N
MT854183,G,105,P,L
MT854183,G,111,L,P
MT854183,G,114,T,P
MT854183,G,115,T,N
MT854183,G,116,Y,H
MT854183,G,119,I,T
MT854183,G,125,F,L
MT854183,G,131,Q,_
MT854183,G,132,H,Y
MT854183,G,134,V,I
MT854183,G,139,H,Y
MT854183,G,148,H,L
MT854183,G,149,H,Y
MT854183,G,150,L,S
MT854183,G,153,D,E
MT854183,G,157,E,K
MT854183,G,162,P,S
MT854183,G,168,KT,
MT854183,G,171,R,G
MT854183,G,197,_,Q
MT854183,G,203,Q,_
MT854183,G,207,E,K
MT854183,G,210,H,Y
MT854183,G,211,Q,K
MT854183,G,217,N,T
MT854183,G,227,K,_
MT854183,G,233,D,T
MT854183,G,238,Y,H
MT854183,G,240,Q,_
MT854183,G,248,H,Q
MT854183,G,257,L,P
MT854183,G,268,R,K
MT854183,G,277,P,L
MT854183,G,283,K,R
MT854183,G,286,Q,E
MT854183,G,290,N,D
MT854183,G,292,H,P
MT854183,G,294,I,L
MT854183,G,298,Y,H
MT854184,G,84,G,C
MT854184,G,95,K,E
MT854184,G,96,K,E
MT854184,G,98,H,N
MT854184,G,105,P,L
MT854184,G,111,L,P
MT854184,G,114,T,P
MT854184,G,115,T,N
MT854184,G,116,Y,H
MT854184,G,119,I,T
MT854184,G,125,F,L
MT854184,G,131,Q,_
MT854184,G,132,H,Y
MT854184,G,134,V,I
MT854184,G,139,H,Y
MT854184,G,148,H,L
MT854184,G,149,H,Y
MT854184,G,150,L,S
MT854184,G,153,D,E
MT854184,G,157,E,K
MT854184,G,162,P,S
MT854184,G,168,KT,
MT854184,G,171,R,G
MT854184,G,197,_,Q
MT854184,G,203,Q,_
MT854184,G,207,E,K
MT854184,G,210,H,Y
MT854184,G,211,Q,K
MT854184,G,217,N,T
MT854184,G,227,K,_
MT854184,G,233,D,T
MT854184,G,238,Y,H
MT854184,G,240,Q,_
MT854184,G,248,H,Q
MT854184,G,257,L,P
MT854184,G,268,R,K
MT854185,G,84,G,C
MT854185,G,95,K,E
MT854185,G,96,K,E
MT854185,G,98,H,N
MT854185,G,105,P,L
MT854185,G,111,L,P
MT854185,G,114,T,P
MT854185,G,115,T,N
MT854185,G,116,Y,H
MT854185,G,119,I,T
MT854185,G,125,F,L
MT854185,G,131,Q,_
MT854185,G,132,H,Y
MT854185,G,134,V,I
MT854185,G,139,H,Y
MT854185,G,148,H,L
MT854185,G,149,H,Y
MT854185,G,150,L,S
MT854185,G,153,D,E
MT854185,G,157,E,K
MT854185,G,162,P,S
MT854185,G,168,KT,
MT854185,G,171,R,G
MT854185,G,197,_,Q
MT854185,G,203,Q,_
MT854185,G,207,E,K
MT854185,G,210,H,Y
MT854185,G,211,Q,K
MT854185,G,217,N,T
MT854185,G,227,K,_
MT854185,G,233,D,T
MT854185,G,238,Y,H
MT854185,G,240,Q,_
MT854185,G,248,H,Q
MT854185,G,257,L,P
MT854185,G,268,R,K
MT854185,G,275,I,V
MT854185,G,277,P,L
MT854185,G,279,N,G
MT854185,G,283,K,G
MT854185,G,286,Q,K
MT854185,G,290,N,G
MT854185,G,294,I,L
MT854185,G,298,Y,H
MT854186,G,84,G,C
MT854186,G,95,K,E
MT854186,G,98,H,N
MT854186,G,105,P,L
MT854186,G,111,L,P
MT854186,G,114,T,P
MT854186,G,116,Y,H
MT854186,G,119,I,T
MT854186,G,125,F,L
MT854186,G,131,Q,_
MT854186,G,132,H,Y
MT854186,G,134,V,I
MT854186,G,139,H,Y
MT854186,G,148,H,L
MT854186,G,149,H,Y
MT854186,G,150,L,S
MT854186,G,153,D,E
MT854186,G,154,Q,_
MT854186,G,157,E,K
MT854186,G,162,P,S
MT854186,G,168,KT,
MT854186,G,197,_,Q
MT854186,G,203,Q,_
MT854186,G,207,E,K
MT854186,G,210,H,Y
MT854186,G,211,Q,K
MT854186,G,217,N,T
MT854186,G,227,K,_
MT854186,G,233,D,T
MT854186,G,238,Y,H
MT854186,G,240,Q,_
MT854186,G,248,H,Q
MT854186,G,257,L,P
MT854186,G,268,R,K
MT854187,G,84,G,C
MT854187,G,95,K,E
MT854187,G,96,K,E
MT854187,G,98,H,N
MT854187,G,105,P,L
MT854187,G,111,L,P
MT854187,G,114,T,P
MT854187,G,115,T,N
MT854187,G,116,Y,H
MT854187,G,119,I,T
MT854187,G,125,F,L
MT854187,G,131,Q,_
MT854187,G,132,H,Y
MT854187,G,134,V,I
MT854187,G,139,H,Y
MT854187,G,148,H,L
MT854187,G,149,H,Y
MT854187,G,150,L,S
MT854187,G,153,D,E
MT854187,G,157,E,K
MT854187,G,162,P,S
MT854187,G,168,KT,
MT854187,G,197,_,Q
MT854187,G,203,Q,_
MT854187,G,207,E,K
MT854187,G,210,H,Y
MT854187,G,211,Q,K
MT854187,G,217,N,T
MT854187,G,227,K,_
MT854187,G,233,D,T
MT854187,G,238,Y,H
MT854187,G,240,Q,_
MT854187,G,248,H,Q
MT854187,G,257,L,P
MT854187,G,268,R,K
MT854188,G,84,G,C
MT854188,G,95,K,E
MT854188,G,96,K,E
MT854188,G,98,H,N
MT854188,G,105,P,L
MT854188,G,111,L,P
MT854188,G,114,T,P
MT854188,G,115,T,N
MT854188,G,116,Y,H
MT854188,G,119,I,T
MT854188,G,125,F,L
MT854188,G,131,Q,_
MT854188,G,132,H,Y
MT854188,G,134,V,I
MT854188,G,139,H,Y
MT854188,G,148,H,L
MT854188,G,149,H,Y
MT854188,G,150,L,S
MT854188,G,153,D,E
MT854188,G,157,E,K
MT854188,G,162,P,S
MT854188,G,168,KT,
MT854188,G,197,_,Q
MT854188,G,203,Q,_
MT854188,G,207,E,K
MT854188,G,210,H,Y
MT854188,G,211,Q,K
MT854188,G,217,N,T
MT854188,G,227,K,_
MT854188,G,233,D,T
MT854188,G,234,E,G
MT854188,G,238,Y,H
MT854188,G,240,Q,_
MT854188,G,248,H,Q
MT854188,G,257,L,P
MT854188,G,268,R,K
MT854189,G,84,G,C
MT854189,G,95,K,E
MT854189,G,96,K,E
MT854189,G,98,H,N
MT854189,G,105,P,L
MT854189,G,111,L,P
MT854189,G,114,T,P
MT854189,G,115,T,N
MT854189,G,116,Y,H
MT854189,G,119,I,T
MT854189,G,125,F,L
MT854189,G,131,Q,_
MT854189,G,132,H,Y
MT854189,G,134,V,I
MT854189,G,139,H,Y
MT854189,G,148,H,L
MT854189,G,149,H,Y
MT854189,G,150,L,S
MT854189,G,153,D,E
MT854189,G,157,E,K
MT854189,G,162,P,S
MT854189,G,168,KT,
MT854189,G,197,_,Q
MT854189,G,203,Q,_
MT854189,G,207,E,K
MT854189,G,210,H,Y
MT854189,G,211,Q,K
MT854189,G,217,N,T
MT854189,G,227,K,Q
MT854189,G,233,D,T
MT854189,G,238,Y,H
MT854189,G,240,Q,_
MT854189,G,248,H,Q
MT854189,G,257,L,P
MT854189,G,268,R,K
MT854189,G,275,I,V
MT854189,G,277,P,L
MT854189,G,279,N,G
MT854189,G,283,K,G
MT854189,G,286,Q,K
MT854189,G,290,N,Y
MT854189,G,292,H,Q
MT854189,G,294,I,L
MT854189,G,298,Y,H
MT854190,G,84,G,C
MT854190,G,95,K,E
MT854190,G,96,K,E
MT854190,G,98,H,N
MT854190,G,105,P,L
MT854190,G,111,L,P
MT854190,G,114,T,P
MT854190,G,115,T,N
MT854190,G,116,Y,H
MT854190,G,119,I,T
MT854190,G,125,F,L
MT854190,G,131,Q,_
MT854190,G,132,H,Y
MT854190,G,134,V,I
MT854190,G,139,H,Y
MT854190,G,148,H,L
MT854190,G,149,H,Y
MT854190,G,150,L,S
MT854190,G,153,D,E
MT854190,G,157,E,K
MT854190,G,162,P,S
MT854190,G,168,KT,
MT854190,G,197,_,Q
MT854190,G,203,Q,_
MT854190,G,207,E,K
MT854190,G,210,H,Y
MT854190,G,211,Q,K
MT854190,G,217,N,T
MT854190,G,227,K,Q
MT854190,G,233,D,T
MT854190,G,238,Y,H
MT854190,G,240,Q,_
MT854190,G,248,H,Q
MT854190,G,257,L,P
MT854190,G,268,R,K
MT854190,G,277,P,L
MT854190,G,283,K,E
MT854190,G,284,H,N
MT854190,G,286,Q,K
MT854190,G,290,N,D
MT854190,G,298,Y,H
MT854191,G,84,G,C
MT854191,G,95,K,E
MT854191,G,96,K,E
MT854191,G,98,H,N
MT854191,G,105,P,L
MT854191,G,111,L,P
MT854191,G,114,T,P
MT854191,G,115,T,N
MT854191,G,116,Y,H
MT854191,G,119,I,T
MT854191,G,125,F,L
MT854191,G,131,Q,_
MT854191,G,132,H,Y
MT854191,G,134,V,I
MT854191,G,139,H,Y
MT854191,G,148,H,L
MT854191,G,149,H,Y
MT854191,G,150,L,S
MT854191,G,153,D,E
MT854191,G,157,E,K
MT854191,G,162,P,S
MT854191,G,168,KT,
MT854191,G,197,_,Q
MT854191,G,203,Q,_
MT854191,G,207,E,K
MT854191,G,210,H,Y
MT854191,G,211,Q,K
MT854191,G,217,N,T
MT854191,G,227,K,_
MT854191,G,233,D,T
MT854191,G,238,Y,H
MT854191,G,240,Q,_
MT854191,G,248,H,Q
MT854191,G,257,L,P
MT854191,G,262,A,V
MT854191,G,268,R,K
MT854191,G,277,P,L
MT854191,G,283,K,G
MT854191,G,284,H,N
MT854191,G,286,Q,E
MT854191,G,289,T,R
MT854191,G,290,N,D
MT854191,G,292,H,Q
MT854191,G,298,Y,H
MT854192,G,84,G,C
MT854192,G,95,K,E
MT854192,G,96,K,E
MT854192,G,98,H,N
MT854192,G,105,P,L
MT854192,G,111,L,P
MT854192,G,114,T,P
MT854192,G,115,T,N
MT854192,G,116,Y,H
MT854192,G,119,I,T
MT854192,G,125,F,L
MT854192,G,131,Q,_
MT854192,G,132,H,Y
MT854192,G,134,V,I
MT854192,G,139,H,Y
MT854192,G,148,H,L
MT854192,G,149,H,Y
MT854192,G,150,L,S
MT854192,G,153,D,E
MT854192,G,157,E,K
MT854192,G,160,T,I
MT854192,G,162,P,S
MT854192,G,168,KT,
MT854192,G,197,_,Q
MT854192,G,203,Q,_
MT854192,G,207,E,_
MT854192,G,210,H,Y
MT854192,G,211,Q,K
MT854192,G,217,N,T
MT854192,G,227,K,_
MT854192,G,233,D,T
MT854192,G,238,Y,H
MT854192,G,240,Q,_
MT854192,G,248,H,Q
MT854192,G,257,L,P
MT854192,G,262,A,V
MT854192,G,268,R,K
MT854192,G,275,I,V
MT854192,G,277,P,L
MT854192,G,279,N,G
MT854192,G,283,K,G
MT854192,G,286,Q,K
MT854192,G,294,I,L
MT854192,G,298,Y,H
MT854193,G,84,G,C
MT854193,G,95,K,E
MT854193,G,96,K,E
MT854193,G,98,H,N
MT854193,G,105,P,L
MT854193,G,111,L,P
MT854193,G,114,T,P
MT854193,G,115,T,N
MT854193,G,116,Y,H
MT854193,G,119,I,T
MT854193,G,125,F,L
MT854193,G,131,Q,_
MT854193,G,132,H,Y
MT854193,G,134,V,I
MT854193,G,139,H,Y
MT854193,G,148,H,L
MT854193,G,149,H,Y
MT854193,G,150,L,S
MT854193,G,153,D,E
MT854193,G,157,E,K
MT854193,G,162,P,S
MT854193,G,168,KT,
MT854193,G,197,_,Q
MT854193,G,203,Q,_
MT854193,G,207,E,K
MT854193,G,210,H,Y
MT854193,G,211,Q,K
MT854193,G,217,N,T
MT854193,G,227,K,Q
MT854193,G,233,D,T
MT854193,G,238,Y,H
MT854193,G,248,H,Q
MT854193,G,257,L,P
MT854193,G,268,R,K
MT854193,G,275,I,V
MT854193,G,277,P,L
MT854193,G,283,K,G
MT854193,G,286,Q,K
MT854193,G,290,N,D
MT854193,G,294,I,L
MT854193,G,298,Y,H
MT854194,G,84,G,C
MT854194,G,95,K,E
MT854194,G,96,K,E
MT854194,G,98,H,N
MT854194,G,105,P,L
MT854194,G,111,L,P
MT854194,G,114,T,P
MT854194,G,115,T,N
MT854194,G,116,Y,H
MT854194,G,119,I,T
MT854194,G,125,F,L
MT854194,G,131,Q,_
MT854194,G,132,H,Y
MT854194,G,134,V,I
MT854194,G,139,H,Y
MT854194,G,148,H,L
MT854194,G,149,H,Y
MT854194,G,150,L,S
MT854194,G,153,D,E
MT854194,G,157,E,K
MT854194,G,162,P,S
MT854194,G,168,KT,
MT854194,G,171,R,G
MT854194,G,197,_,Q
MT854194,G,203,Q,_
MT854194,G,207,E,K
MT854194,G,210,H,Y
MT854194,G,211,Q,K
MT854194,G,217,N,T
MT854194,G,227,K,_
MT854194,G,233,D,T
MT854194,G,238,Y,H
MT854194,G,240,Q,_
MT854194,G,248,H,Q
MT854194,G,257,L,P
MT854194,G,268,R,K
MT854194,G,275,I,V
MT854194,G,277,P,L
MT854194,G,283,K,G
MT854194,G,284,H,N
MT854194,G,286,Q,G
MT854194,G,290,N,D
MT854194,G,294,I,L
MT854194,G,298,Y,H
MT854195,G,84,G,C
MT854195,G,95,K,E
MT854195,G,96,K,E
MT854195,G,98,H,N
MT854195,G,105,P,L
MT854195,G,111,L,P
MT854195,G,114,T,P
MT854195,G,115,T,N
MT854195,G,116,Y,H
MT854195,G,119,I,T
MT854195,G,125,F,L
MT854195,G,131,Q,_
MT854195,G,132,H,Y
MT854195,G,134,V,I
MT854195,G,139,H,Y
MT854195,G,148,H,L
MT854195,G,149,H,Y
MT854195,G,150,L,S
MT854195,G,153,D,E
MT854195,G,157,E,K
MT854195,G,162,P,S
MT854195,G,168,KT,
MT854195,G,197,_,Q
MT854195,G,203,Q,_
MT854195,G,207,E,K
MT854195,G,210,H,Y
MT854195,G,211,Q,K
MT854195,G,217,N,T
MT854195,G,227,K,Q
MT854195,G,233,D,T
MT854195,G,238,Y,H
MT854195,G,240,Q,_
MT854195,G,248,H,Q
MT854195,G,257,L,P
MT854195,G,268,R,K
MT854196,G,84,G,C
MT854196,G,95,K,E
MT854196,G,96,K,E
MT854196,G,98,H,N
MT854196,G,105,P,L
MT854196,G,111,L,P
MT854196,G,114,T,P
MT854196,G,115,T,N
MT854196,G,116,Y,H
MT854196,G,119,I,T
MT854196,G,125,F,L
MT854196,G,131,Q,_
MT854196,G,132,H,Y
MT854196,G,134,V,I
MT854196,G,139,H,Y
MT854196,G,148,H,L
MT854196,G,149,H,Y
MT854196,G,150,L,S
MT854196,G,153,D,E
MT854196,G,157,E,K
MT854196,G,162,P,S
MT854196,G,168,KT,
MT854196,G,197,_,Q
MT854196,G,203,Q,_
MT854196,G,207,E,K
MT854196,G,210,H,Y
MT854196,G,211,Q,K
MT854196,G,217,N,T
MT854196,G,221,H,Y
MT854196,G,227,K,_
MT854196,G,233,D,T
MT854196,G,238,Y,H
MT854196,G,240,Q,_
MT854196,G,248,H,Q
MT854196,G,257,L,P
MT854196,G,268,R,K
MT854196,G,277,P,L
MT854196,G,279,N,D
MT854196,G,283,K,G
MT854196,G,286,Q,E
MT854196,G,290,N,D
MT854196,G,292,H,Q
MT854196,G,294,I,L
MT854196,G,298,Y,H
MT854197,G,84,G,C
MT854197,G,95,K,E
MT854197,G,96,K,E
MT854197,G,98,H,N
MT854197,G,105,P,L
MT854197,G,110,_,Q
MT854197,G,111,L,P
MT854197,G,114,T,P
MT854197,G,115,T,N
MT854197,G,116,Y,H
MT854197,G,119,I,T
MT854197,G,125,F,L
MT854197,G,132,H,Y
MT854197,G,134,V,I
MT854197,G,139,H,Y
MT854197,G,148,H,L
MT854197,G,150,L,S
MT854197,G,153,D,E
MT854197,G,157,E,K
MT854197,G,162,P,S
MT854197,G,168,KT,
MT854197,G,197,_,Q
MT854197,G,203,Q,_
MT854197,G,207,E,K
MT854197,G,210,H,Y
MT854197,G,211,Q,K
MT854197,G,217,N,T
MT854197,G,227,K,_
MT854197,G,233,D,T
MT854197,G,238,Y,H
MT854197,G,240,Q,_
MT854197,G,248,H,Q
MT854197,G,257,L,P
MT854197,G,262,A,V
MT854197,G,268,R,K
MT854197,G,275,I,V
MT854197,G,277,P,L
MT854197,G,283,K,G
MT854197,G,286,Q,E
MT854197,G,294,I,L
MT854197,G,298,Y,H
MT854198,G,84,G,C
MT854198,G,95,K,E
MT854198,G,96,K,E
MT854198,G,98,H,N
MT854198,G,105,P,L
MT854198,G,111,L,P
MT854198,G,114,T,P
MT854198,G,115,T,N
MT854198,G,116,Y,H
MT854198,G,119,I,T
MT854198,G,125,F,L
MT854198,G,131,Q,_
MT854198,G,132,H,Y
MT854198,G,134,V,I
MT854198,G,139,H,Y
MT854198,G,148,H,L
MT854198,G,149,H,Y
MT854198,G,150,L,S
MT854198,G,153,D,E
MT854198,G,157,E,K
MT854198,G,162,P,S
MT854198,G,168,KT,
MT854198,G,197,_,Q
MT854198,G,203,Q,_
MT854198,G,207,E,K
MT854198,G,210,H,Y
MT854198,G,211,Q,K
MT854198,G,217,N,T
MT854198,G,227,K,_
MT854198,G,233,D,T
MT854198,G,238,Y,H
MT854198,G,240,Q,_
MT854198,G,248,H,Q
MT854198,G,257,L,P
MT854198,G,268,R,K
MT854198,G,277,P,L
MT854198,G,286,Q,K
MT854198,G,298,Y,H
MT854199,G,84,G,C
MT854199,G,95,K,E
MT854199,G,96,K,E
MT854199,G,98,H,N
MT854199,G,105,P,L
MT854199,G,111,L,P
MT854199,G,114,T,P
MT854199,G,115,T,N
MT854199,G,116,Y,H
MT854199,G,119,I,T
MT854199,G,125,F,L
MT854199,G,131,Q,_
MT854199,G,132,H,Y
MT854199,G,134,V,I
MT854199,G,139,H,Y
MT854199,G,148,H,L
MT854199,G,149,H,Y
MT854199,G,150,L,S
MT854199,G,153,D,E
MT854199,G,157,E,K
MT854199,G,162,P,S
MT854199,G,168,KT,
MT854199,G,197,_,Q
MT854199,G,203,Q,_
MT854199,G,207,E,K
MT854199,G,210,H,Y
MT854199,G,211,Q,K
MT854199,G,217,N,T
MT854199,G,227,K,Q
MT854199,G,233,D,T
MT854199,G,238,Y,H
MT854199,G,240,Q,_
MT854199,G,248,H,Q
MT854199,G,257,L,P
MT854199,G,268,R,K
MT854199,G,277,P,L
MT854199,G,286,Q,K
MT854199,G,298,Y,H
MT854200,G,84,G,C
MT854200,G,95,K,E
MT854200,G,98,H,N
MT854200,G,105,P,L
MT854200,G,111,L,P
MT854200,G,114,T,P
MT854200,G,116,Y,H
MT854200,G,119,I,T
MT854200,G,125,F,L
MT854200,G,131,Q,_
MT854200,G,132,H,Y
MT854200,G,134,V,I
MT854200,G,139,H,Y
MT854200,G,141,S,R
MT854200,G,148,H,L
MT854200,G,149,H,Y
MT854200,G,150,L,S
MT854200,G,153,D,E
MT854200,G,157,E,K
MT854200,G,162,P,S
MT854200,G,168,KT,
MT854200,G,197,_,Q
MT854200,G,203,Q,_
MT854200,G,207,E,K
MT854200,G,210,H,Y
MT854200,G,211,Q,K
MT854200,G,217,N,T
MT854200,G,227,K,_
MT854200,G,233,D,T
MT854200,G,238,Y,H
MT854200,G,240,Q,_
MT854200,G,243,K,N
MT854200,G,248,H,Q
MT854200,G,257,L,P
MT854200,G,268,R,K
MT854200,G,277,P,L
MT854200,G,282,R,_
MT854200,G,286,Q,K
MT854200,G,298,Y,H
MT854201,G,84,G,C
MT854201,G,95,K,E
MT854201,G,98,H,N
MT854201,G,105,P,L
MT854201,G,111,L,P
MT854201,G,114,T,P
MT854201,G,116,Y,H
MT854201,G,119,I,T
MT854201,G,125,F,L
MT854201,G,131,Q,_
MT854201,G,132,H,Y
MT854201,G,134,V,I
MT854201,G,139,H,Y
MT854201,G,141,S,R
MT854201,G,148,H,L
MT854201,G,149,H,Y
MT854201,G,150,L,S
MT854201,G,153,D,E
MT854201,G,157,E,K
MT854201,G,162,P,S
MT854201,G,168,KT,
MT854201,G,197,_,Q
MT854201,G,203,Q,_
MT854201,G,207,E,K
MT854201,G,210,H,Y
MT854201,G,211,Q,K
MT854201,G,217,N,T
MT854201,G,227,K,_
MT854201,G,233,D,T
MT854201,G,238,Y,H
MT854201,G,240,Q,_
MT854201,G,243,K,N
MT854201,G,248,H,Q
MT854201,G,257,L,P
MT854201,G,268,R,K
MT854201,G,277,P,L
MT854201,G,280,H,R
MT854201,G,286,Q,K
MT854201,G,298,Y,H
MT854202,G,84,G,C
MT854202,G,95,K,E
MT854202,G,98,H,N
MT854202,G,105,P,L
MT854202,G,111,L,P
MT854202,G,114,T,P
MT854202,G,116,Y,H
MT854202,G,119,I,T
MT854202,G,125,F,L
MT854202,G,131,Q,_
MT854202,G,132,H,Y
MT854202,G,134,V,I
MT854202,G,139,H,Y
MT854202,G,141,S,R
MT854202,G,148,H,L
MT854202,G,149,H,Y
MT854202,G,150,L,S
MT854202,G,153,D,E
MT854202,G,156,A,T
MT854202,G,157,E,K
MT854202,G,162,P,S
MT854202,G,168,KT,
MT854202,G,197,_,Q
MT854202,G,203,Q,_
MT854202,G,207,E,K
MT854202,G,210,H,Y
MT854202,G,211,Q,K
MT854202,G,217,N,T
MT854202,G,227,K,Q
MT854202,G,233,D,T
MT854202,G,238,Y,H
MT854202,G,240,Q,_
MT854202,G,243,K,N
MT854202,G,248,H,Q
MT854202,G,257,L,P
MT854202,G,268,R,K
MT854202,G,277,P,L
MT854202,G,281,P,S
MT854202,G,286,Q,K
MT854202,G,298,Y,H
MT854203,G,84,G,C
MT854203,G,95,K,E
MT854203,G,98,H,N
MT854203,G,105,P,L
MT854203,G,111,L,P
MT854203,G,114,T,P
MT854203,G,116,Y,H
MT854203,G,119,I,T
MT854203,G,125,F,L
MT854203,G,131,Q,_
MT854203,G,132,H,Y
MT854203,G,134,V,I
MT854203,G,139,H,Y
MT854203,G,141,S,R
MT854203,G,148,H,L
MT854203,G,149,H,Y
MT854203,G,150,L,S
MT854203,G,153,D,E
MT854203,G,156,A,T
MT854203,G,157,E,K
MT854203,G,162,P,S
MT854203,G,168,KT,
MT854203,G,197,_,Q
MT854203,G,203,Q,_
MT854203,G,207,E,K
MT854203,G,210,H,Y
MT854203,G,211,Q,K
MT854203,G,217,N,T
MT854203,G,227,K,Q
MT854203,G,233,D,T
MT854203,G,238,Y,H
MT854203,G,240,Q,_
MT854203,G,243,K,N
MT854203,G,248,H,Q
MT854203,G,257,L,P
MT854203,G,268,R,K
MT854203,G,277,P,L
MT854203,G,281,P,S
MT854203,G,286,Q,K
MT854203,G,298,Y,H
MT854204,G,84,G,C
MT854204,G,95,K,E
MT854204,G,98,H,N
MT854204,G,105,P,L
MT854204,G,111,L,P
MT854204,G,114,T,P
MT854204,G,116,Y,H
MT854204,G,119,I,T
MT854204,G,125,F,L
MT854204,G,131,Q,_
MT854204,G,132,H,Y
MT854204,G,139,H,Y
MT854204,G,141,S,R
MT854204,G,148,H,L
MT854204,G,149,H,Y
MT854204,G,150,L,S
MT854204,G,153,D,E
MT854204,G,157,E,K
MT854204,G,162,P,S
MT854204,G,168,KT,
MT854204,G,181,R,C
MT854204,G,197,_,Q
MT854204,G,203,Q,_
MT854204,G,207,E,K
MT854204,G,210,H,Y
MT854204,G,211,Q,K
MT854204,G,217,N,T
MT854204,G,227,K,Q
MT854204,G,233,D,T
MT854204,G,238,Y,H
MT854204,G,240,Q,_
MT854204,G,243,K,N
MT854204,G,248,H,Q
MT854204,G,257,L,P
MT854204,G,268,R,K
MT854204,G,277,P,L
MT854204,G,286,Q,K
MT854204,G,298,Y,H
MT854205,G,84,G,S
MT854205,G,91,K,E
MT854205,G,95,K,E
MT854205,G,98,H,N
MT854205,G,104,S,N
MT854205,G,105,P,L
MT854205,G,106,T,A
MT854205,G,111,L,P
MT854205,G,114,T,P
MT854205,G,116,Y,H
MT854205,G,125,F,L
MT854205,G,131,Q,_
MT854205,G,132,H,Y
MT854205,G,134,V,I
MT854205,G,139,H,Y
MT854205,G,141,S,R
MT854205,G,148,H,L
MT854205,G,149,H,Y
MT854205,G,150,L,S
MT854205,G,153,D,E
MT854205,G,157,E,K
MT854205,G,162,P,S
MT854205,G,168,KT,
MT854205,G,197,_,Q
MT854205,G,203,Q,_
MT854205,G,207,E,K
MT854205,G,210,H,Y
MT854205,G,211,Q,K
MT854205,G,217,N,T
MT854205,G,227,K,_
MT854205,G,238,Y,H
MT854205,G,240,Q,_
MT854205,G,243,K,N
MT854205,G,248,H,Q
MT854205,G,257,L,P
MT854205,G,268,R,K
MT854205,G,277,P,L
MT854205,G,286,Q,K
MT854205,G,298,Y,H
MT854206,G,119,I,T
MT854206,G,124,K,E
MT854206,G,125,F,L
MT854206,G,126,S,G
MT854206,G,128,N,S
MT854206,G,131,Q,_
MT854206,G,132,H,Y
MT854206,G,134,V,I
MT854206,G,139,H,Y
MT854206,G,141,S,R
MT854206,G,148,H,L
MT854206,G,149,H,Y
MT854206,G,150,L,S
MT854206,G,151,N,D
MT854206,G,153,D,E
MT854206,G,157,E,K
MT854206,G,162,P,S
MT854206,G,168,KT,
MT854206,G,197,_,Q
MT854206,G,203,Q,_
MT854206,G,207,E,K
MT854206,G,210,H,Y
MT854206,G,211,Q,K
MT854206,G,217,N,T
MT854206,G,227,K,_
MT854206,G,233,D,T
MT854206,G,238,Y,H
MT854206,G,240,Q,_
MT854206,G,243,K,N
MT854206,G,248,H,Q
MT854206,G,257,L,P
MT854206,G,268,R,K
MT854206,G,277,P,L
MT854206,G,286,Q,K
MT854206,G,298,Y,H
MT854207,G,84,G,C
MT854207,G,95,K,E
MT854207,G,96,K,E
MT854207,G,98,H,N
MT854207,G,105,P,L
MT854207,G,111,L,P
MT854207,G,114,T,P
MT854207,G,115,T,N
MT854207,G,116,Y,H
MT854207,G,119,I,T
MT854207,G,125,F,L
MT854207,G,131,Q,_
MT854207,G,132,H,Y
MT854207,G,134,V,I
MT854207,G,139,H,Y
MT854207,G,148,H,L
MT854207,G,149,H,Y
MT854207,G,150,L,S
MT854207,G,153,D,E
MT854207,G,157,E,K
MT854207,G,162,P,S
MT854207,G,168,KT,
MT854207,G,197,_,Q
MT854207,G,203,Q,_
MT854207,G,207,E,K
MT854207,G,210,H,Y
MT854207,G,211,Q,K
MT854207,G,217,N,T
MT854207,G,227,K,Q
MT854207,G,233,D,T
MT854207,G,238,Y,H
MT854207,G,248,H,Q
MT854207,G,257,L,P
MT854207,G,268,R,K
MT854208,G,84,G,C
MT854208,G,95,K,E
MT854208,G,96,K,E
MT854208,G,98,H,N
MT854208,G,105,P,L
MT854208,G,111,L,P
MT854208,G,114,T,P
MT854208,G,115,T,N
MT854208,G,116,Y,H
MT854208,G,119,I,T
MT854208,G,125,F,L
MT854208,G,131,Q,_
MT854208,G,132,H,Y
MT854208,G,134,V,I
MT854208,G,139,H,Y
MT854208,G,148,H,L
MT854208,G,149,H,Y
MT854208,G,150,L,S
MT854208,G,153,D,E
MT854208,G,157,E,K
MT854208,G,162,P,S
MT854208,G,168,KT,
MT854208,G,197,_,Q
MT854208,G,203,Q,_
MT854208,G,207,E,K
MT854208,G,210,H,Y
MT854208,G,211,Q,K
MT854208,G,217,N,T
MT854208,G,227,K,Q
MT854208,G,233,D,T
MT854208,G,238,Y,H
MT854208,G,240,Q,_
MT854208,G,248,H,Q
MT854208,G,257,L,P
MT854208,G,268,R,K
MT854209,G,84,G,C
MT854209,G,95,K,E
MT854209,G,96,K,E
MT854209,G,98,H,N
MT854209,G,105,P,L
MT854209,G,111,L,P
MT854209,G,114,T,P
MT854209,G,115,T,N
MT854209,G,116,Y,H
MT854209,G,119,I,T
MT854209,G,125,F,L
MT854209,G,131,Q,_
MT854209,G,132,H,Y
MT854209,G,134,V,I
MT854209,G,139,H,Y
MT854209,G,148,H,L
MT854209,G,149,H,Y
MT854209,G,150,L,S
MT854209,G,153,D,E
MT854209,G,157,E,K
MT854209,G,162,P,S
MT854209,G,168,KT,
MT854209,G,197,_,Q
MT854209,G,203,Q,_
MT854209,G,207,E,K
MT854209,G,210,H,Y
MT854209,G,211,Q,K
MT854209,G,217,N,T
MT854209,G,227,K,Q
MT854209,G,233,D,T
MT854209,G,238,Y,H
MT854209,G,240,Q,_
MT854209,G,248,H,Q
MT854209,G,257,L,P
MT854209,G,268,R,K
MT854209,G,275,I,V
MT854209,G,277,P,L
MT854209,G,283,K,W
MT854209,G,286,Q,K
MT854209,G,290,N,G
MT854209,G,291,T,S
MT854209,G,298,Y,H
MT854210,G,84,G,C
MT854210,G,95,K,E
MT854210,G,96,K,E
MT854210,G,98,H,N
MT854210,G,105,P,L
MT854210,G,111,L,P
MT854210,G,114,T,P
MT854210,G,115,T,N
MT854210,G,116,Y,H
MT854210,G,119,I,T
MT854210,G,125,F,L
MT854210,G,131,Q,_
MT854210,G,132,H,Y
MT854210,G,134,V,I
MT854210,G,139,H,Y
MT854210,G,148,H,L
MT854210,G,149,H,Y
MT854210,G,150,L,S
MT854210,G,153,D,E
MT854210,G,157,E,K
MT854210,G,162,P,S
MT854210,G,168,KT,
MT854210,G,197,_,Q
MT854210,G,203,Q,_
MT854210,G,207,E,K
MT854210,G,210,H,Y
MT854210,G,211,Q,K
MT854210,G,217,N,T
MT854210,G,227,K,Q
MT854210,G,233,D,T
MT854210,G,238,Y,H
MT854210,G,240,Q,_
MT854210,G,248,H,Q
MT854210,G,257,L,P
MT854210,G,268,R,K
MT854211,G,84,G,C
MT854211,G,95,K,E
MT854211,G,96,K,E
MT854211,G,98,H,N
MT854211,G,105,P,L
MT854211,G,111,L,P
MT854211,G,114,T,P
MT854211,G,115,T,N
MT854211,G,116,Y,H
MT854211,G,119,I,T
MT854211,G,125,F,L
MT854211,G,131,Q,_
MT854211,G,132,H,Y
MT854211,G,134,V,I
MT854211,G,139,H,Y
MT854211,G,148,H,L
MT854211,G,149,H,Y
MT854211,G,150,L,S
MT854211,G,153,D,E
MT854211,G,157,E,K
MT854211,G,162,P,S
MT854211,G,168,KT,
MT854211,G,197,_,Q
MT854211,G,203,Q,_
MT854211,G,207,E,K
MT854211,G,210,H,Y
MT854211,G,211,Q,K
MT854211,G,217,N,T
MT854211,G,227,K,Q
MT854211,G,233,D,T
MT854211,G,238,Y,H
MT854211,G,248,H,_
MT854211,G,257,L,P
MT854211,G,268,R,K
MT854212,G,84,G,C
MT854212,G,95,K,E
MT854212,G,96,K,E
MT854212,G,98,H,N
MT854212,G,105,P,L
MT854212,G,111,L,P
MT854212,G,114,T,P
MT854212,G,115,T,N
MT854212,G,116,Y,H
MT854212,G,119,I,T
MT854212,G,125,F,L
MT854212,G,131,Q,_
MT854212,G,132,H,Y
MT854212,G,134,V,I
MT854212,G,139,H,Y
MT854212,G,148,H,L
MT854212,G,149,H,Y
MT854212,G,150,L,S
MT854212,G,153,D,E
MT854212,G,157,E,K
MT854212,G,162,P,S
MT854212,G,168,KT,
MT854212,G,197,_,Q
MT854212,G,203,Q,_
MT854212,G,207,E,K
MT854212,G,210,H,Y
MT854212,G,211,Q,K
MT854212,G,217,N,T
MT854212,G,227,K,Q
MT854212,G,233,D,T
MT854212,G,238,Y,H
MT854212,G,248,H,_
MT854212,G,257,L,P
MT854212,G,268,R,K
MT854213,G,84,G,C
MT854213,G,95,K,E
MT854213,G,96,K,E
MT854213,G,98,H,N
MT854213,G,105,P,L
MT854213,G,111,L,P
MT854213,G,114,T,P
MT854213,G,115,T,N
MT854213,G,116,Y,H
MT854213,G,119,I,T
MT854213,G,125,F,L
MT854213,G,131,Q,_
MT854213,G,132,H,Y
MT854213,G,134,V,I
MT854213,G,139,H,Y
MT854213,G,148,H,L
MT854213,G,149,H,Y
MT854213,G,150,L,S
MT854213,G,153,D,E
MT854213,G,157,E,K
MT854213,G,162,P,S
MT854213,G,168,KT,
MT854213,G,197,_,Q
MT854213,G,203,Q,_
MT854213,G,207,E,K
MT854213,G,210,H,Y
MT854213,G,211,Q,K
MT854213,G,217,N,T
MT854213,G,226,P,S
MT854213,G,227,K,_
MT854213,G,229,T,I
MT854213,G,233,D,T
MT854213,G,238,Y,H
MT854213,G,240,Q,_
MT854213,G,248,H,Q
MT854213,G,257,L,P
MT854213,G,268,R,K
MT854214,G,84,G,C
MT854214,G,95,K,E
MT854214,G,96,K,E
MT854214,G,98,H,N
MT854214,G,105,P,L
MT854214,G,111,L,P
MT854214,G,114,T,P
MT854214,G,115,T,N
MT854214,G,116,Y,H
MT854214,G,119,I,T
MT854214,G,125,F,L
MT854214,G,131,Q,_
MT854214,G,132,H,Y
MT854214,G,134,V,I
MT854214,G,139,H,Y
MT854214,G,148,H,L
MT854214,G,149,H,Y
MT854214,G,150,L,S
MT854214,G,153,D,E
MT854214,G,157,E,K
MT854214,G,162,P,S
MT854214,G,166,T,A
MT854214,G,168,KT,
MT854214,G,196,L,W
MT854214,G,197,_,Q
MT854214,G,203,Q,_
MT854214,G,207,E,K
MT854214,G,210,H,Y
MT854214,G,211,Q,K
MT854214,G,217,N,T
MT854214,G,227,K,Q
MT854214,G,233,D,T
MT854214,G,238,Y,H
MT854214,G,240,Q,_
MT854214,G,248,H,Q
MT854214,G,257,L,P
MT854214,G,268,R,K
MT854215,G,84,G,C
MT854215,G,87,S,T
MT854215,G,95,K,E
MT854215,G,96,K,E
MT854215,G,98,H,N
MT854215,G,105,P,L
MT854215,G,111,L,P
MT854215,G,114,T,P
MT854215,G,115,T,N
MT854215,G,116,Y,H
MT854215,G,119,I,T
MT854215,G,125,F,L
MT854215,G,131,Q,_
MT854215,G,132,H,Y
MT854215,G,134,V,I
MT854215,G,139,H,Y
MT854215,G,148,H,L
MT854215,G,149,H,Y
MT854215,G,150,L,S
MT854215,G,153,D,E
MT854215,G,157,E,K
MT854215,G,162,P,S
MT854215,G,168,KT,
MT854215,G,181,R,F
MT854215,G,197,_,Q
MT854215,G,203,Q,_
MT854215,G,207,E,K
MT854215,G,211,Q,K
MT854215,G,217,N,T
MT854215,G,227,K,Q
MT854215,G,233,D,T
MT854215,G,238,Y,H
MT854215,G,240,Q,_
MT854215,G,248,H,Q
MT854215,G,257,L,P
MT854215,G,268,R,K
MT854216,G,84,G,C
MT854216,G,95,K,E
MT854216,G,98,H,N
MT854216,G,105,P,L
MT854216,G,111,L,P
MT854216,G,114,T,P
MT854216,G,116,Y,H
MT854216,G,119,I,T
MT854216,G,125,F,L
MT854216,G,131,Q,_
MT854216,G,132,H,Y
MT854216,G,134,V,I
MT854216,G,139,H,Y
MT854216,G,145,R,K
MT854216,G,148,H,L
MT854216,G,149,H,Y
MT854216,G,150,L,S
MT854216,G,153,D,E
MT854216,G,157,E,K
MT854216,G,162,P,S
MT854216,G,168,KT,
MT854216,G,197,_,Q
MT854216,G,203,Q,_
MT854216,G,207,E,K
MT854216,G,210,H,Y
MT854216,G,211,Q,K
MT854216,G,217,N,T
MT854216,G,222,K,N
MT854216,G,227,K,_
MT854216,G,233,D,T
MT854216,G,238,Y,H
MT854216,G,240,Q,_
MT854216,G,248,H,Q
MT854216,G,257,L,P
MT854216,G,268,R,K
MT854216,G,277,P,L
MT854216,G,283,K,G
MT854216,G,286,Q,R
MT854216,G,289,T,P
MT854216,G,294,I,L
MT854216,G,298,Y,H
MT854217,G,84,G,C
MT854217,G,95,K,E
MT854217,G,96,K,E
MT854217,G,98,H,N
MT854217,G,105,P,L
MT854217,G,111,L,P
MT854217,G,114,T,P
MT854217,G,115,T,N
MT854217,G,116,Y,H
MT854217,G,119,I,T
MT854217,G,125,F,L
MT854217,G,131,Q,_
MT854217,G,132,H,Y
MT854217,G,134,V,I
MT854217,G,139,H,Y
MT854217,G,148,H,L
MT854217,G,149,H,Y
MT854217,G,150,L,S
MT854217,G,153,D,E
MT854217,G,157,E,K
MT854217,G,162,P,S
MT854217,G,168,KT,
MT854217,G,193,Q,_
MT854217,G,197,_,Q
MT854217,G,203,Q,_
MT854217,G,207,E,K
MT854217,G,210,H,Y
MT854217,G,211,Q,K
MT854217,G,217,N,T
MT854217,G,227,K,Q
MT854217,G,233,D,T
MT854217,G,238,Y,H
MT854217,G,240,Q,_
MT854217,G,248,H,Q
MT854217,G,257,L,P
MT854217,G,268,R,K
MT854218,G,114,T,P
MT854218,G,115,T,N
MT854218,G,116,Y,H
MT854218,G,119,I,T
MT854218,G,125,F,L
MT854218,G,131,Q,K
MT854218,G,132,H,Y
MT854218,G,134,V,I
MT854218,G,139,H,Y
MT854218,G,148,H,L
MT854218,G,149,H,Y
MT854218,G,150,L,S
MT854218,G,153,D,E
MT854218,G,157,E,K
MT854218,G,162,P,S
MT854218,G,168,KT,
MT854218,G,197,_,Q
MT854218,G,203,Q,_
MT854218,G,207,E,K
MT854218,G,210,H,_
MT854218,G,211,Q,K
MT854218,G,217,N,T
MT854218,G,227,K,Q
MT854218,G,233,D,T
MT854218,G,238,Y,H
MT854218,G,240,Q,_
MT854218,G,248,H,Q
MT854218,G,257,L,P
MT854218,G,268,R,K
MT854218,G,277,P,L
MT854218,G,286,Q,K
MT854218,G,292,H,Q
MT854218,G,298,Y,H
MT854219,G,157,E,K
MT854219,G,162,P,S
MT854219,G,168,KT,
MT854219,G,197,_,Q
MT854219,G,203,Q,_
MT854219,G,207,E,K
MT854219,G,210,H,Y
MT854219,G,211,Q,K
MT854219,G,217,N,T
MT854219,G,227,K,Q
MT854219,G,233,D,T
MT854219,G,238,Y,H
MT854219,G,240,Q,_
MT854219,G,248,H,Q
MT854219,G,257,L,P
MT854219,G,268,R,K
MT854219,G,277,P,L
MT854219,G,286,Q,K
MT854219,G,298,Y,H
MT854220,G,125,F,L
MT854220,G,131,Q,_
MT854220,G,132,H,Y
MT854220,G,134,V,I
MT854220,G,139,H,Y
MT854220,G,148,H,L
MT854220,G,149,H,Y
MT854220,G,150,L,S
MT854220,G,153,D,E
MT854220,G,157,E,K
MT854220,G,162,P,S
MT854220,G,168,KT,
MT854220,G,197,_,Q
MT854220,G,203,Q,_
MT854220,G,207,E,K
MT854220,G,210,H,Y
MT854220,G,211,Q,K
MT854220,G,217,N,T
MT854220,G,227,K,Q
MT854220,G,233,D,T
MT854220,G,238,Y,H
MT854220,G,240,Q,_
MT854220,G,248,H,Q
MT854220,G,257,L,P
MT854220,G,268,R,K
MT854220,G,277,P,L
MT854220,G,286,Q,K
MT854220,G,298,Y,H
MT854221,G,84,G,C
MT854221,G,95,K,E
MT854221,G,96,K,E
MT854221,G,98,H,N
MT854221,G,105,P,L
MT854221,G,111,L,P
MT854221,G,114,T,P
MT854221,G,115,T,N
MT854221,G,116,Y,H
MT854221,G,119,I,T
MT854221,G,125,F,L
MT854221,G,131,Q,_
MT854221,G,132,H,Y
MT854221,G,134,V,I
MT854221,G,139,H,Y
MT854221,G,148,H,L
MT854221,G,149,H,Y
MT854221,G,150,L,S
MT854221,G,153,D,E
MT854221,G,157,E,K
MT854221,G,162,P,S
MT854221,G,168,KT,
MT854221,G,197,_,Q
MT854221,G,203,Q,_
MT854221,G,207,E,K
MT854221,G,210,H,Y
MT854221,G,211,Q,K
MT854221,G,217,N,T
MT854221,G,227,K,Q
MT854221,G,233,D,T
MT854221,G,238,Y,H
MT854221,G,240,Q,_
MT854221,G,248,H,Q
MT854221,G,257,L,P
MT854221,G,268,R,K
MT854221,G,277,P,L
MT854221,G,286,Q,K
MT854221,G,298,Y,H
MT854222,G,84,G,C
MT854222,G,91,K,E
MT854222,G,95,K,E
MT854222,G,96,K,E
MT854222,G,98,H,N
MT854222,G,101,P,R
MT854222,G,105,P,L
MT854222,G,111,L,P
MT854222,G,114,T,P
MT854222,G,115,T,N
MT854222,G,116,Y,H
MT854222,G,119,I,T
MT854222,G,125,F,L
MT854222,G,131,Q,_
MT854222,G,132,H,Y
MT854222,G,134,V,I
MT854222,G,139,H,Y
MT854222,G,148,H,L
MT854222,G,149,H,Y
MT854222,G,150,L,S
MT854222,G,153,D,E
MT854222,G,157,E,K
MT854222,G,162,P,S
MT854222,G,168,KT,
MT854222,G,197,_,Q
MT854222,G,203,Q,_
MT854222,G,207,E,K
MT854222,G,210,H,Y
MT854222,G,211,Q,K
MT854222,G,217,N,T
MT854222,G,227,K,Q
MT854222,G,233,D,T
MT854222,G,238,Y,H
MT854222,G,240,Q,_
MT854222,G,248,H,Q
MT854222,G,257,L,P
MT854222,G,268,R,K
MT854222,G,277,P,L
MT854222,G,286,Q,K
MT854223,G,84,G,C
MT854223,G,95,K,E
MT854223,G,96,K,E
MT854223,G,98,H,N
MT854223,G,105,P,L
MT854223,G,111,L,P
MT854223,G,114,T,P
MT854223,G,115,T,N
MT854223,G,116,Y,H
MT854223,G,119,I,T
MT854223,G,125,F,L
MT854223,G,131,Q,_
MT854223,G,132,H,Y
MT854223,G,134,V,I
MT854223,G,139,H,Y
MT854223,G,148,H,L
MT854223,G,149,H,Y
MT854223,G,150,L,S
MT854223,G,153,D,E
MT854223,G,157,E,K
MT854223,G,162,P,S
MT854223,G,168,KT,
MT854223,G,197,_,Q
MT854223,G,203,Q,_
MT854223,G,207,E,K
MT854223,G,210,H,Y
MT854223,G,211,Q,K
MT854223,G,217,N,T
MT854223,G,227,K,_
MT854223,G,233,D,T
MT854223,G,238,Y,H
MT854223,G,240,Q,_
MT854223,G,248,H,Q
MT854223,G,257,L,P
MT854223,G,268,R,K
MT854223,G,277,P,L
MT854223,G,286,Q,K
MT854223,G,298,Y,H
MT854224,G,84,G,C
MT854224,G,95,K,E
MT854224,G,96,K,E
MT854224,G,98,H,N
MT854224,G,105,P,L
MT854224,G,111,L,P
MT854224,G,114,T,P
MT854224,G,115,T,N
MT854224,G,116,Y,H
MT854224,G,119,I,T
MT854224,G,125,F,L
MT854224,G,131,Q,_
MT854224,G,132,H,Y
MT854224,G,134,V,I
MT854224,G,139,H,Y
MT854224,G,148,H,L
MT854224,G,149,H,Y
MT854224,G,150,L,S
MT854224,G,153,D,E
MT854224,G,157,E,K
MT854224,G,162,P,S
MT854224,G,168,KT,
MT854224,G,197,_,Q
MT854224,G,203,Q,_
MT854224,G,207,E,K
MT854224,G,210,H,Y
MT854224,G,211,Q,K
MT854224,G,217,N,T
MT854224,G,227,K,_
MT854224,G,233,D,T
MT854224,G,238,Y,H
MT854224,G,240,Q,_
MT854224,G,248,H,Q
MT854224,G,257,L,P
MT854224,G,268,R,K
MT854224,G,277,P,L
MT854224,G,286,Q,K
MT854224,G,298,Y,H
MT854225,G,84,G,C
MT854225,G,95,K,E
MT854225,G,96,K,E
MT854225,G,98,H,N
MT854225,G,105,P,L
MT854225,G,111,L,P
MT854225,G,114,T,P
MT854225,G,115,T,N
MT854225,G,116,Y,H
MT854225,G,119,I,T
MT854225,G,125,F,L
MT854225,G,131,Q,_
MT854225,G,132,H,Y
MT854225,G,134,V,I
MT854225,G,139,H,Y
MT854225,G,148,H,L
MT854225,G,149,H,Y
MT854225,G,150,L,S
MT854225,G,153,D,E
MT854225,G,157,E,K
MT854225,G,162,P,S
MT854225,G,168,KT,
MT854225,G,197,_,Q
MT854225,G,203,Q,_
MT854225,G,207,E,K
MT854225,G,210,H,Y
MT854225,G,211,Q,K
MT854225,G,217,N,T
MT854225,G,227,K,_
MT854225,G,233,D,T
MT854225,G,238,Y,H
MT854225,G,240,Q,_
MT854225,G,248,H,Q
MT854225,G,257,L,P
MT854225,G,268,R,K
MT854225,G,277,P,L
MT854225,G,286,Q,K
MT854225,G,298,Y,H
MT854226,G,84,G,C
MT854226,G,95,K,E
MT854226,G,96,K,E
MT854226,G,98,H,N
MT854226,G,105,P,L
MT854226,G,111,L,P
MT854226,G,114,T,P
MT854226,G,115,T,N
MT854226,G,116,Y,H
MT854226,G,119,I,T
MT854226,G,125,F,L
MT854226,G,131,Q,_
MT854226,G,132,H,Y
MT854226,G,134,V,I
MT854226,G,139,H,Y
MT854226,G,148,H,L
MT854226,G,149,H,Y
MT854226,G,150,L,S
MT854226,G,153,D,E
MT854226,G,157,E,K
MT854226,G,162,P,S
MT854226,G,168,KT,
MT854226,G,197,_,Q
MT854226,G,203,Q,_
MT854226,G,207,E,K
MT854226,G,210,H,Y
MT854226,G,211,Q,K
MT854226,G,217,N,T
MT854226,G,227,K,_
MT854226,G,233,D,T
MT854226,G,238,Y,H
MT854226,G,240,Q,_
MT854226,G,248,H,Q
MT854226,G,257,L,P
MT854226,G,268,R,K
MT854226,G,277,P,L
MT854226,G,286,Q,K
MT854226,G,298,Y,H
MT854227,G,84,G,C
MT854227,G,95,K,E
MT854227,G,96,K,E
MT854227,G,98,H,N
MT854227,G,105,P,L
MT854227,G,111,L,P
MT854227,G,114,T,P
MT854227,G,115,T,N
MT854227,G,116,Y,H
MT854227,G,119,I,T
MT854227,G,125,F,L
MT854227,G,131,Q,_
MT854227,G,132,H,Y
MT854227,G,134,V,I
MT854227,G,139,H,Y
MT854227,G,148,H,L
MT854227,G,149,H,Y
MT854227,G,150,L,S
MT854227,G,153,D,E
MT854227,G,157,E,K
MT854227,G,162,P,S
MT854227,G,168,KT,
MT854227,G,197,_,Q
MT854227,G,203,Q,_
MT854227,G,207,E,K
MT854227,G,210,H,Y
MT854227,G,211,Q,K
MT854227,G,217,N,T
MT854227,G,227,K,_
MT854227,G,233,D,T
MT854227,G,238,Y,H
MT854227,G,240,Q,_
MT854227,G,248,H,Q
MT854227,G,257,L,P
MT854227,G,268,R,K
MT854227,G,277,P,L
MT854227,G,286,Q,K
MT854227,G,298,Y,H
MT854228,G,84,G,C
MT854228,G,95,K,E
MT854228,G,96,K,E
MT854228,G,98,H,N
MT854228,G,105,P,L
MT854228,G,111,L,P
MT854228,G,114,T,P
MT854228,G,115,T,N
MT854228,G,116,Y,H
MT854228,G,119,I,T
MT854228,G,125,F,L
MT854228,G,131,Q,_
MT854228,G,132,H,Y
MT854228,G,134,V,I
MT854228,G,139,H,Y
MT854228,G,148,H,L
MT854228,G,149,H,Y
MT854228,G,150,L,S
MT854228,G,153,D,E
MT854228,G,157,E,K
MT854228,G,162,P,S
MT854228,G,168,KT,
MT854228,G,197,_,Q
MT854228,G,203,Q,_
MT854228,G,207,E,K
MT854228,G,210,H,Y
MT854228,G,211,Q,K
MT854228,G,217,N,T
MT854228,G,227,K,_
MT854228,G,233,D,T
MT854228,G,238,Y,H
MT854228,G,240,Q,_
MT854228,G,248,H,Q
MT854228,G,257,L,P
MT854228,G,268,R,K
MT854228,G,277,P,L
MT854228,G,286,Q,K
MT854228,G,298,Y,H
MT854229,G,84,G,C
MT854229,G,95,K,E
MT854229,G,96,K,E
MT854229,G,98,H,N
MT854229,G,105,P,L
MT854229,G,111,L,P
MT854229,G,114,T,P
MT854229,G,115,T,N
MT854229,G,116,Y,H
MT854229,G,119,I,T
MT854229,G,125,F,L
MT854229,G,131,Q,_
MT854229,G,132,H,Y
MT854229,G,134,V,I
MT854229,G,139,H,Y
MT854229,G,148,H,L
MT854229,G,149,H,Y
MT854229,G,150,L,S
MT854229,G,153,D,E
MT854229,G,157,E,K
MT854229,G,162,P,S
MT854229,G,168,KT,
MT854229,G,197,_,Q
MT854229,G,203,Q,_
MT854229,G,207,E,K
MT854229,G,210,H,Y
MT854229,G,211,Q,K
MT854229,G,217,N,T
MT854229,G,227,K,_
MT854229,G,233,D,T
MT854229,G,238,Y,H
MT854229,G,240,Q,_
MT854229,G,248,H,Q
MT854229,G,257,L,P
MT854229,G,268,R,K
MT854229,G,277,P,L
MT854229,G,286,Q,K
MT854229,G,298,Y,H
MT854230,G,84,G,C
MT854230,G,95,K,E
MT854230,G,96,K,E
MT854230,G,98,H,N
MT854230,G,105,P,L
MT854230,G,111,L,P
MT854230,G,114,T,P
MT854230,G,115,T,N
MT854230,G,116,Y,H
MT854230,G,119,I,T
MT854230,G,125,F,L
MT854230,G,131,Q,_
MT854230,G,132,H,Y
MT854230,G,134,V,I
MT854230,G,139,H,Y
MT854230,G,148,H,L
MT854230,G,149,H,Y
MT854230,G,150,L,S
MT854230,G,153,D,E
MT854230,G,157,E,K
MT854230,G,162,P,S
MT854230,G,168,KT,
MT854230,G,197,_,Q
MT854230,G,203,Q,_
MT854230,G,207,E,K
MT854230,G,210,H,Y
MT854230,G,211,Q,K
MT854230,G,217,N,T
MT854230,G,227,K,_
MT854230,G,233,D,T
MT854230,G,238,Y,H
MT854230,G,240,Q,_
MT854230,G,248,H,Q
MT854230,G,257,L,P
MT854230,G,268,R,K
MT854230,G,277,P,L
MT854230,G,286,Q,K
MT854230,G,298,Y,H
MT854231,G,84,G,C
MT854231,G,95,K,E
MT854231,G,96,K,E
MT854231,G,98,H,N
MT854231,G,105,P,L
MT854231,G,111,L,P
MT854231,G,114,T,P
MT854231,G,115,T,N
MT854231,G,116,Y,H
MT854231,G,119,I,T
MT854231,G,125,F,L
MT854231,G,131,Q,_
MT854231,G,132,H,Y
MT854231,G,134,V,I
MT854231,G,137,T,I
MT854231,G,139,H,Y
MT854231,G,148,H,L
MT854231,G,149,H,Y
MT854231,G,150,L,S
MT854231,G,153,D,E
MT854231,G,157,E,K
MT854231,G,162,P,S
MT854231,G,168,KT,
MT854231,G,197,_,Q
MT854231,G,203,Q,_
MT854231,G,207,E,K
MT854231,G,210,H,Y
MT854231,G,211,Q,K
MT854231,G,217,N,T
MT854231,G,227,K,_
MT854231,G,233,D,T
MT854231,G,238,Y,H
MT854231,G,240,Q,_
MT854231,G,248,H,Q
MT854231,G,257,L,P
MT854231,G,268,R,K
MT854231,G,277,P,L
MT854231,G,286,Q,K
MT854231,G,298,Y,H
MT854232,G,84,G,C
MT854232,G,95,K,E
MT854232,G,96,K,E
MT854232,G,98,H,N
MT854232,G,105,P,L
MT854232,G,111,L,P
MT854232,G,114,T,P
MT854232,G,115,T,N
MT854232,G,116,Y,H
MT854232,G,119,I,T
MT854232,G,125,F,L
MT854232,G,131,Q,_
MT854232,G,132,H,Y
MT854232,G,134,V,I
MT854232,G,137,T,I
MT854232,G,139,H,Y
MT854232,G,148,H,L
MT854232,G,149,H,Y
MT854232,G,150,L,S
MT854232,G,153,D,E
MT854232,G,157,E,K
MT854232,G,162,P,S
MT854232,G,168,KT,
MT854232,G,197,_,Q
MT854232,G,203,Q,_
MT854232,G,207,E,K
MT854232,G,210,H,Y
MT854232,G,211,Q,K
MT854232,G,217,N,T
MT854232,G,227,K,_
MT854232,G,233,D,T
MT854232,G,238,Y,H
MT854232,G,240,Q,_
MT854232,G,248,H,Q
MT854232,G,257,L,P
MT854232,G,268,R,K
MT854232,G,277,P,L
MT854232,G,286,Q,K
MT854232,G,298,Y,H
MT854233,G,84,G,C
MT854233,G,95,K,E
MT854233,G,96,K,E
MT854233,G,98,H,N
MT854233,G,105,P,L
MT854233,G,111,L,P
MT854233,G,114,T,P
MT854233,G,115,T,N
MT854233,G,116,Y,H
MT854233,G,119,I,T
MT854233,G,125,F,L
MT854233,G,131,Q,_
MT854233,G,132,H,Y
MT854233,G,134,V,I
MT854233,G,139,H,Y
MT854233,G,148,H,L
MT854233,G,149,H,Y
MT854233,G,150,L,S
MT854233,G,153,D,E
MT854233,G,157,E,K
MT854233,G,162,P,S
MT854233,G,168,KT,
MT854233,G,197,_,Q
MT854233,G,203,Q,_
MT854233,G,207,E,K
MT854233,G,210,H,Y
MT854233,G,211,Q,K
MT854233,G,217,N,T
MT854233,G,227,K,_
MT854233,G,233,D,T
MT854233,G,238,Y,H
MT854233,G,240,Q,_
MT854233,G,248,H,Q
MT854233,G,257,L,P
MT854233,G,268,R,K
MT854233,G,277,P,L
MT854233,G,282,R,Q
MT854233,G,286,Q,K
MT854233,G,298,Y,H
MT854234,G,84,G,C
MT854234,G,95,K,E
MT854234,G,96,K,E
MT854234,G,98,H,N
MT854234,G,105,P,L
MT854234,G,111,L,P
MT854234,G,114,T,P
MT854234,G,115,T,N
MT854234,G,116,Y,H
MT854234,G,119,I,T
MT854234,G,125,F,L
MT854234,G,131,Q,_
MT854234,G,132,H,Y
MT854234,G,134,V,I
MT854234,G,139,H,Y
MT854234,G,148,H,L
MT854234,G,149,H,Y
MT854234,G,150,L,S
MT854234,G,153,D,E
MT854234,G,157,E,K
MT854234,G,162,P,S
MT854234,G,168,KT,
MT854234,G,197,_,Q
MT854234,G,203,Q,_
MT854234,G,207,E,K
MT854234,G,210,H,Y
MT854234,G,211,Q,K
MT854234,G,217,N,T
MT854234,G,227,K,_
MT854234,G,233,D,T
MT854234,G,238,Y,H
MT854234,G,240,Q,_
MT854234,G,248,H,Q
MT854234,G,257,L,P
MT854234,G,268,R,K
MT854234,G,277,P,L
MT854234,G,282,R,Q
MT854234,G,286,Q,K
MT854234,G,298,Y,H
MT854235,G,84,G,C
MT854235,G,95,K,E
MT854235,G,96,K,E
MT854235,G,98,H,N
MT854235,G,105,P,L
MT854235,G,111,L,P
MT854235,G,114,T,P
MT854235,G,115,T,N
MT854235,G,116,Y,H
MT854235,G,119,I,T
MT854235,G,125,F,L
MT854235,G,131,Q,_
MT854235,G,132,H,Y
MT854235,G,134,V,I
MT854235,G,139,H,Y
MT854235,G,148,H,L
MT854235,G,149,H,Y
MT854235,G,150,L,S
MT854235,G,153,D,E
MT854235,G,157,E,K
MT854235,G,162,P,S
MT854235,G,168,KT,
MT854235,G,197,_,Q
MT854235,G,203,Q,_
MT854235,G,207,E,K
MT854235,G,210,H,Y
MT854235,G,211,Q,K
MT854235,G,217,N,T
MT854235,G,227,K,_
MT854235,G,233,D,T
MT854235,G,238,Y,H
MT854235,G,240,Q,_
MT854235,G,248,H,Q
MT854235,G,257,L,P
MT854235,G,268,R,K
MT854235,G,277,P,L
MT854235,G,282,R,Q
MT854235,G,286,Q,K
MT854235,G,298,Y,H
MT854236,G,105,P,L
MT854236,G,111,L,P
MT854236,G,114,T,P
MT854236,G,115,T,N
MT854236,G,116,Y,H
MT854236,G,119,I,T
MT854236,G,125,F,L
MT854236,G,131,Q,_
MT854236,G,132,H,Y
MT854236,G,134,V,I
MT854236,G,139,H,Y
MT854236,G,148,H,L
MT854236,G,149,H,Y
MT854236,G,150,L,S
MT854236,G,153,D,E
MT854236,G,157,E,K
MT854236,G,162,P,S
MT854236,G,168,KT,
MT854236,G,197,_,Q
MT854236,G,203,Q,_
MT854236,G,207,E,K
MT854236,G,210,H,Y
MT854236,G,211,Q,K
MT854236,G,217,N,T
MT854236,G,227,K,_
MT854236,G,233,D,T
MT854236,G,238,Y,H
MT854236,G,240,Q,_
MT854236,G,248,H,Q
MT854236,G,257,L,P
MT854236,G,268,R,K
MT854236,G,277,P,L
MT854236,G,282,R,Q
MT854236,G,286,Q,K
MT854236,G,298,Y,H
MT854237,G,84,G,C
MT854237,G,95,K,E
MT854237,G,96,K,E
MT854237,G,98,H,N
MT854237,G,105,P,L
MT854237,G,111,L,P
MT854237,G,114,T,P
MT854237,G,115,T,N
MT854237,G,116,Y,H
MT854237,G,119,I,T
MT854237,G,125,F,L
MT854237,G,131,Q,_
MT854237,G,132,H,Y
MT854237,G,134,V,I
MT854237,G,139,H,Y
MT854237,G,148,H,L
MT854237,G,149,H,Y
MT854237,G,150,L,S
MT854237,G,153,D,E
MT854237,G,157,E,K
MT854237,G,162,P,S
MT854237,G,168,KT,
MT854237,G,197,_,Q
MT854237,G,203,Q,_
MT854237,G,207,E,K
MT854237,G,210,H,Y
MT854237,G,211,Q,K
MT854237,G,217,N,T
MT854237,G,227,K,Q
MT854237,G,233,D,T
MT854237,G,238,Y,H
MT854237,G,240,Q,_
MT854237,G,248,H,Q
MT854237,G,257,L,P
MT854237,G,268,R,K
MT854237,G,277,P,L
MT854237,G,286,Q,K
MT854237,G,298,Y,H
MT854238,G,84,G,C
MT854238,G,95,K,E
MT854238,G,96,K,E
MT854238,G,98,H,N
MT854238,G,105,P,L
MT854238,G,111,L,P
MT854238,G,114,T,P
MT854238,G,115,T,N
MT854238,G,116,Y,H
MT854238,G,119,I,T
MT854238,G,125,F,L
MT854238,G,131,Q,_
MT854238,G,132,H,Y
MT854238,G,134,V,I
MT854238,G,139,H,Y
MT854238,G,148,H,L
MT854238,G,149,H,Y
MT854238,G,150,L,S
MT854238,G,153,D,E
MT854238,G,157,E,K
MT854238,G,162,P,S
MT854238,G,168,KT,
MT854238,G,197,_,Q
MT854238,G,203,Q,_
MT854238,G,207,E,K
MT854238,G,210,H,Y
MT854238,G,211,Q,K
MT854238,G,217,N,T
MT854238,G,227,K,Q
MT854238,G,233,D,T
MT854238,G,238,Y,H
MT854238,G,240,Q,_
MT854238,G,248,H,Q
MT854238,G,257,L,P
MT854238,G,268,R,K
MT854238,G,277,P,L
MT854238,G,286,Q,K
MT854238,G,298,Y,H
MT854239,G,105,P,L
MT854239,G,111,L,P
MT854239,G,114,T,P
MT854239,G,115,T,N
MT854239,G,116,Y,H
MT854239,G,119,I,T
MT854239,G,125,F,L
MT854239,G,131,Q,_
MT854239,G,132,H,Y
MT854239,G,134,V,I
MT854239,G,139,H,Y
MT854239,G,148,H,L
MT854239,G,149,H,Y
MT854239,G,150,L,S
MT854239,G,153,D,E
MT854239,G,157,E,K
MT854239,G,162,P,S
MT854239,G,168,KT,
MT854239,G,197,_,Q
MT854239,G,203,Q,_
MT854239,G,207,E,K
MT854239,G,210,H,Y
MT854239,G,211,Q,K
MT854239,G,217,N,T
MT854239,G,227,K,Q
MT854239,G,233,D,T
MT854239,G,238,Y,H
MT854239,G,240,Q,_
MT854239,G,248,H,Q
MT854239,G,257,L,P
MT854239,G,268,R,K
MT854239,G,277,P,L
MT854239,G,286,Q,K
MT854239,G,298,Y,H
MT854240,G,84,G,C
MT854240,G,95,K,E
MT854240,G,96,K,E
MT854240,G,98,H,N
MT854240,G,105,P,L
MT854240,G,111,L,P
MT854240,G,114,T,P
MT854240,G,115,T,N
MT854240,G,116,Y,H
MT854240,G,119,I,T
MT854240,G,125,F,L
MT854240,G,131,Q,_
MT854240,G,132,H,Y
MT854240,G,134,V,I
MT854240,G,139,H,Y
MT854240,G,148,H,L
MT854240,G,149,H,Y
MT854240,G,150,L,S
MT854240,G,153,D,E
MT854240,G,157,E,K
MT854240,G,162,P,S
MT854240,G,168,KT,
MT854240,G,197,_,Q
MT854240,G,203,Q,_
MT854240,G,207,E,K
MT854240,G,210,H,Y
MT854240,G,211,Q,K
MT854240,G,217,N,T
MT854240,G,227,K,Q
MT854240,G,233,D,T
MT854240,G,238,Y,H
MT854240,G,240,Q,_
MT854240,G,248,H,Q
MT854240,G,257,L,P
MT854240,G,268,R,K
MT854240,G,277,P,L
MT854240,G,286,Q,K
MT854240,G,298,Y,H
MT854241,G,84,G,C
MT854241,G,95,K,E
MT854241,G,96,K,E
MT854241,G,98,H,N
MT854241,G,105,P,L
MT854241,G,111,L,P
MT854241,G,114,T,P
MT854241,G,115,T,N
MT854241,G,116,Y,H
MT854241,G,119,I,T
MT854241,G,125,F,L
MT854241,G,131,Q,_
MT854241,G,132,H,Y
MT854241,G,134,V,I
MT854241,G,139,H,Y
MT854241,G,148,H,L
MT854241,G,149,H,Y
MT854241,G,150,L,S
MT854241,G,153,D,E
MT854241,G,157,E,K
MT854241,G,162,P,S
MT854241,G,168,KT,
MT854241,G,197,_,Q
MT854241,G,203,Q,_
MT854241,G,207,E,K
MT854241,G,210,H,Y
MT854241,G,211,Q,K
MT854241,G,217,N,T
MT854241,G,227,K,Q
MT854241,G,233,D,T
MT854241,G,238,Y,H
MT854241,G,240,Q,_
MT854241,G,248,H,Q
MT854241,G,257,L,P
MT854241,G,268,R,K
MT854241,G,277,P,L
MT854241,G,286,Q,K
MT854241,G,298,Y,H
MT854242,G,95,K,E
MT854242,G,96,K,E
MT854242,G,98,H,N
MT854242,G,105,P,L
MT854242,G,111,L,P
MT854242,G,114,T,P
MT854242,G,115,T,N
MT854242,G,116,Y,H
MT854242,G,119,I,T
MT854242,G,125,F,L
MT854242,G,131,Q,_
MT854242,G,132,H,Y
MT854242,G,134,V,I
MT854242,G,139,H,Y
MT854242,G,148,H,L
MT854242,G,149,H,Y
MT854242,G,150,L,S
MT854242,G,153,D,E
MT854242,G,157,E,K
MT854242,G,162,P,S
MT854242,G,168,KT,
MT854242,G,197,_,Q
MT854242,G,203,Q,_
MT854242,G,207,E,K
MT854242,G,210,H,Y
MT854242,G,211,Q,K
MT854242,G,217,N,T
MT854242,G,227,K,Q
MT854242,G,233,D,T
MT854242,G,238,Y,H
MT854242,G,240,Q,_
MT854242,G,248,H,Q
MT854242,G,257,L,P
MT854242,G,268,R,K
MT854242,G,277,P,L
MT854242,G,286,Q,K
MT854242,G,298,Y,H
MT854243,G,84,G,C
MT854243,G,95,K,E
MT854243,G,96,K,E
MT854243,G,98,H,N
MT854243,G,105,P,L
MT854243,G,111,L,P
MT854243,G,114,T,P
MT854243,G,115,T,N
MT854243,G,116,Y,H
MT854243,G,119,I,T
MT854243,G,125,F,L
MT854243,G,131,Q,_
MT854243,G,132,H,Y
MT854243,G,134,V,I
MT854243,G,139,H,Y
MT854243,G,148,H,L
MT854243,G,149,H,Y
MT854243,G,150,L,S
MT854243,G,153,D,E
MT854243,G,157,E,K
MT854243,G,162,P,S
MT854243,G,168,KT,
MT854243,G,197,_,Q
MT854243,G,203,Q,_
MT854243,G,207,E,K
MT854243,G,210,H,Y
MT854243,G,211,Q,K
MT854243,G,217,N,T
MT854243,G,227,K,Q
MT854243,G,233,D,T
MT854243,G,238,Y,H
MT854243,G,240,Q,_
MT854243,G,248,H,Q
MT854243,G,257,L,P
MT854243,G,268,R,K
MT854243,G,277,P,L
MT854243,G,286,Q,K
MT854243,G,298,Y,H
MT854244,G,84,G,C
MT854244,G,95,K,E
MT854244,G,96,K,E
MT854244,G,98,H,N
MT854244,G,105,P,L
MT854244,G,111,L,P
MT854244,G,114,T,P
MT854244,G,115,T,N
MT854244,G,116,Y,H
MT854244,G,119,I,T
MT854244,G,125,F,L
MT854244,G,131,Q,_
MT854244,G,132,H,Y
MT854244,G,134,V,I
MT854244,G,139,H,Y
MT854244,G,148,H,L
MT854244,G,149,H,Y
MT854244,G,150,L,S
MT854244,G,153,D,E
MT854244,G,157,E,K
MT854244,G,162,P,S
MT854244,G,168,KT,
MT854244,G,197,_,Q
MT854244,G,203,Q,_
MT854244,G,207,E,K
MT854244,G,210,H,Y
MT854244,G,211,Q,K
MT854244,G,217,N,T
MT854244,G,227,K,Q
MT854244,G,233,D,T
MT854244,G,238,Y,H
MT854244,G,240,Q,_
MT854244,G,248,H,Q
MT854244,G,257,L,P
MT854244,G,268,R,K
MT854244,G,277,P,L
MT854244,G,286,Q,K
MT854244,G,298,Y,H
MT854245,G,84,G,C
MT854245,G,95,K,E
MT854245,G,96,K,E
MT854245,G,98,H,N
MT854245,G,105,P,L
MT854245,G,111,L,P
MT854245,G,114,T,P
MT854245,G,115,T,N
MT854245,G,116,Y,H
MT854245,G,119,I,T
MT854245,G,125,F,L
MT854245,G,131,Q,_
MT854245,G,132,H,Y
MT854245,G,134,V,I
MT854245,G,139,H,Y
MT854245,G,148,H,L
MT854245,G,149,H,Y
MT854245,G,150,L,S
MT854245,G,153,D,E
MT854245,G,157,E,K
MT854245,G,162,P,S
MT854245,G,168,KT,
MT854245,G,197,_,Q
MT854245,G,203,Q,_
MT854245,G,207,E,K
MT854245,G,210,H,Y
MT854245,G,211,Q,K
MT854245,G,217,N,T
MT854245,G,227,K,Q
MT854245,G,233,D,T
MT854245,G,238,Y,H
MT854245,G,240,Q,_
MT854245,G,248,H,Q
MT854245,G,257,L,P
MT854245,G,268,R,K
MT854245,G,277,P,L
MT854245,G,286,Q,K
MT854245,G,298,Y,H
MT854246,G,84,G,C
MT854246,G,95,K,E
MT854246,G,96,K,E
MT854246,G,98,H,N
MT854246,G,105,P,L
MT854246,G,111,L,P
MT854246,G,114,T,P
MT854246,G,115,T,N
MT854246,G,116,Y,H
MT854246,G,119,I,T
MT854246,G,125,F,L
MT854246,G,131,Q,_
MT854246,G,132,H,Y
MT854246,G,134,V,I
MT854246,G,139,H,Y
MT854246,G,148,H,L
MT854246,G,149,H,Y
MT854246,G,150,L,S
MT854246,G,153,D,E
MT854246,G,157,E,K
MT854246,G,162,P,S
MT854246,G,168,KT,
MT854246,G,181,R,C
MT854246,G,197,_,Q
MT854246,G,203,Q,_
MT854246,G,207,E,K
MT854246,G,210,H,Y
MT854246,G,211,Q,K
MT854246,G,217,N,T
MT854246,G,227,K,Q
MT854246,G,233,D,T
MT854246,G,238,Y,H
MT854246,G,240,Q,_
MT854246,G,248,H,Q
MT854246,G,257,L,P
MT854246,G,268,R,K
MT854246,G,277,P,L
MT854246,G,286,Q,K
MT854246,G,298,Y,H
MT854247,G,84,G,C
MT854247,G,95,K,E
MT854247,G,96,K,E
MT854247,G,98,H,N
MT854247,G,105,P,L
MT854247,G,111,L,P
MT854247,G,114,T,P
MT854247,G,115,T,N
MT854247,G,116,Y,H
MT854247,G,119,I,T
MT854247,G,125,F,L
MT854247,G,131,Q,_
MT854247,G,132,H,Y
MT854247,G,134,V,I
MT854247,G,139,H,Y
MT854247,G,148,H,L
MT854247,G,149,H,Y
MT854247,G,150,L,S
MT854247,G,153,D,E
MT854247,G,157,E,K
MT854247,G,162,P,S
MT854247,G,168,KT,
MT854247,G,197,_,Q
MT854247,G,203,Q,_
MT854247,G,207,E,K
MT854247,G,210,H,Y
MT854247,G,211,Q,K
MT854247,G,217,N,T
MT854247,G,227,K,Q
MT854247,G,233,D,T
MT854247,G,238,Y,H
MT854247,G,248,H,Q
MT854247,G,257,L,P
MT854247,G,268,R,K
MT854247,G,277,P,L
MT854247,G,286,Q,K
MT854247,G,298,Y,H
MT854248,G,84,G,C
MT854248,G,95,K,E
MT854248,G,96,K,E
MT854248,G,98,H,N
MT854248,G,105,P,L
MT854248,G,111,L,P
MT854248,G,114,T,P
MT854248,G,115,T,N
MT854248,G,116,Y,H
MT854248,G,119,I,T
MT854248,G,125,F,L
MT854248,G,131,Q,_
MT854248,G,132,H,Y
MT854248,G,134,V,I
MT854248,G,139,H,Y
MT854248,G,148,H,L
MT854248,G,149,H,Y
MT854248,G,150,L,S
MT854248,G,153,D,E
MT854248,G,157,E,K
MT854248,G,162,P,S
MT854248,G,168,KT,
MT854248,G,197,_,Q
MT854248,G,203,Q,_
MT854248,G,207,E,K
MT854248,G,210,H,Y
MT854248,G,211,Q,K
MT854248,G,217,N,T
MT854248,G,227,K,Q
MT854248,G,233,D,T
MT854248,G,238,Y,H
MT854248,G,240,Q,_
MT854248,G,248,H,Q
MT854248,G,257,L,P
MT854248,G,268,R,K
MT854248,G,277,P,L
MT854248,G,286,Q,K
MT854248,G,298,Y,H
MT854249,G,84,G,C
MT854249,G,95,K,E
MT854249,G,96,K,E
MT854249,G,98,H,N
MT854249,G,105,P,L
MT854249,G,111,L,P
MT854249,G,114,T,P
MT854249,G,115,T,N
MT854249,G,116,Y,H
MT854249,G,119,I,T
MT854249,G,125,F,L
MT854249,G,131,Q,_
MT854249,G,132,H,Y
MT854249,G,134,V,I
MT854249,G,139,H,Y
MT854249,G,148,H,L
MT854249,G,149,H,Y
MT854249,G,150,L,S
MT854249,G,153,D,E
MT854249,G,157,E,K
MT854249,G,162,P,S
MT854249,G,168,KT,
MT854249,G,197,_,Q
MT854249,G,203,Q,_
MT854249,G,207,E,K
MT854249,G,210,H,Y
MT854249,G,211,Q,K
MT854249,G,217,N,T
MT854249,G,227,K,Q
MT854249,G,233,D,T
MT854249,G,238,Y,H
MT854249,G,248,H,Q
MT854249,G,257,L,P
MT854249,G,268,R,K
MT854249,G,277,P,L
MT854249,G,286,Q,K
MT854249,G,298,Y,H
MT854250,G,84,G,C
MT854250,G,95,K,E
MT854250,G,96,K,E
MT854250,G,98,H,N
MT854250,G,105,P,L
MT854250,G,111,L,P
MT854250,G,114,T,P
MT854250,G,115,T,N
MT854250,G,116,Y,H
MT854250,G,119,I,T
MT854250,G,125,F,L
MT854250,G,131,Q,_
MT854250,G,132,H,Y
MT854250,G,134,V,I
MT854250,G,139,H,Y
MT854250,G,148,H,L
MT854250,G,149,H,Y
MT854250,G,150,L,S
MT854250,G,153,D,E
MT854250,G,157,E,K
MT854250,G,162,P,S
MT854250,G,168,KT,
MT854250,G,197,_,Q
MT854250,G,203,Q,_
MT854250,G,207,E,K
MT854250,G,210,H,Y
MT854250,G,211,Q,K
MT854250,G,217,N,T
MT854250,G,227,K,Q
MT854250,G,233,D,T
MT854250,G,238,Y,H
MT854250,G,248,H,Q
MT854250,G,257,L,P
MT854250,G,268,R,K
MT854250,G,277,P,L
MT854250,G,286,Q,K
MT854250,G,298,Y,H
MT854251,G,84,G,C
MT854251,G,95,K,E
MT854251,G,96,K,E
MT854251,G,98,H,N
MT854251,G,105,P,L
MT854251,G,111,L,P
MT854251,G,114,T,P
MT854251,G,115,T,N
MT854251,G,116,Y,H
MT854251,G,119,I,T
MT854251,G,125,F,L
MT854251,G,131,Q,_
MT854251,G,132,H,Y
MT854251,G,134,V,I
MT854251,G,139,H,Y
MT854251,G,148,H,L
MT854251,G,149,H,Y
MT854251,G,150,L,S
MT854251,G,153,D,E
MT854251,G,157,E,K
MT854251,G,162,P,S
MT854251,G,168,KT,
MT854251,G,197,_,Q
MT854251,G,203,Q,_
MT854251,G,207,E,K
MT854251,G,210,H,Y
MT854251,G,211,Q,K
MT854251,G,217,N,T
MT854251,G,227,K,_
MT854251,G,233,D,T
MT854251,G,238,Y,H
MT854251,G,240,Q,_
MT854251,G,248,H,Q
MT854251,G,257,L,P
MT854251,G,268,R,K
MT854251,G,274,A,T
MT854251,G,277,P,L
MT854251,G,286,Q,K
MT854251,G,298,Y,H
MT854252,G,84,G,C
MT854252,G,95,K,E
MT854252,G,96,K,E
MT854252,G,98,H,N
MT854252,G,105,P,L
MT854252,G,111,L,P
MT854252,G,114,T,P
MT854252,G,115,T,N
MT854252,G,116,Y,H
MT854252,G,119,I,T
MT854252,G,125,F,L
MT854252,G,131,Q,_
MT854252,G,132,H,Y
MT854252,G,134,V,I
MT854252,G,139,H,Y
MT854252,G,148,H,L
MT854252,G,149,H,Y
MT854252,G,150,L,S
MT854252,G,153,D,E
MT854252,G,157,E,K
MT854252,G,162,P,S
MT854252,G,168,KT,
MT854252,G,197,_,Q
MT854252,G,203,Q,_
MT854252,G,207,E,K
MT854252,G,210,H,Y
MT854252,G,211,Q,K
MT854252,G,217,N,T
MT854252,G,227,K,_
MT854252,G,233,D,T
MT854252,G,238,Y,H
MT854252,G,240,Q,_
MT854252,G,248,H,Q
MT854252,G,257,L,P
MT854252,G,268,R,K
MT854252,G,274,A,T
MT854252,G,277,P,L
MT854252,G,286,Q,K
MT854252,G,298,Y,H
MT854253,G,84,G,C
MT854253,G,95,K,E
MT854253,G,96,K,E
MT854253,G,98,H,N
MT854253,G,105,P,L
MT854253,G,111,L,P
MT854253,G,114,T,P
MT854253,G,115,T,N
MT854253,G,116,Y,H
MT854253,G,119,I,T
MT854253,G,125,F,L
MT854253,G,131,Q,_
MT854253,G,132,H,Y
MT854253,G,134,V,I
MT854253,G,139,H,Y
MT854253,G,148,H,L
MT854253,G,149,H,Y
MT854253,G,150,L,S
MT854253,G,153,D,E
MT854253,G,155,Q,_
MT854253,G,157,E,K
MT854253,G,162,P,S
MT854253,G,168,KT,
MT854253,G,181,R,C
MT854253,G,197,_,Q
MT854253,G,203,Q,_
MT854253,G,207,E,K
MT854253,G,210,H,Y
MT854253,G,211,Q,K
MT854253,G,217,N,T
MT854253,G,227,K,Q
MT854253,G,233,D,T
MT854253,G,238,Y,H
MT854253,G,248,H,Q
MT854253,G,257,L,P
MT854253,G,268,R,K
MT854253,G,277,P,L
MT854253,G,286,Q,K
MT854253,G,298,Y,H
MT854254,G,84,G,C
MT854254,G,95,K,E
MT854254,G,96,K,E
MT854254,G,98,H,N
MT854254,G,105,P,L
MT854254,G,111,L,P
MT854254,G,114,T,P
MT854254,G,115,T,N
MT854254,G,116,Y,H
MT854254,G,119,I,T
MT854254,G,125,F,L
MT854254,G,131,Q,_
MT854254,G,132,H,Y
MT854254,G,134,V,I
MT854254,G,139,H,Y
MT854254,G,148,H,L
MT854254,G,149,H,Y
MT854254,G,150,L,S
MT854254,G,153,D,E
MT854254,G,155,Q,_
MT854254,G,157,E,K
MT854254,G,162,P,S
MT854254,G,168,KT,
MT854254,G,181,R,C
MT854254,G,197,_,Q
MT854254,G,203,Q,_
MT854254,G,207,E,K
MT854254,G,210,H,Y
MT854254,G,211,Q,K
MT854254,G,217,N,T
MT854254,G,227,K,Q
MT854254,G,233,D,T
MT854254,G,238,Y,H
MT854254,G,248,H,Q
MT854254,G,257,L,P
MT854254,G,268,R,K
MT854254,G,277,P,L
MT854254,G,286,Q,K
MT854254,G,298,Y,H
MT854255,G,84,G,C
MT854255,G,95,K,E
MT854255,G,96,K,E
MT854255,G,98,H,N
MT854255,G,105,P,L
MT854255,G,111,L,P
MT854255,G,114,T,P
MT854255,G,115,T,N
MT854255,G,116,Y,H
MT854255,G,119,I,T
MT854255,G,125,F,L
MT854255,G,131,Q,_
MT854255,G,132,H,Y
MT854255,G,134,V,I
MT854255,G,139,H,Y
MT854255,G,148,H,L
MT854255,G,149,H,Y
MT854255,G,150,L,S
MT854255,G,153,D,E
MT854255,G,155,Q,_
MT854255,G,157,E,K
MT854255,G,162,P,S
MT854255,G,168,KT,
MT854255,G,181,R,C
MT854255,G,197,_,Q
MT854255,G,203,Q,_
MT854255,G,207,E,K
MT854255,G,210,H,Y
MT854255,G,211,Q,K
MT854255,G,217,N,T
MT854255,G,227,K,Q
MT854255,G,233,D,T
MT854255,G,238,Y,H
MT854255,G,248,H,Q
MT854255,G,257,L,P
MT854255,G,268,R,K
MT854255,G,277,P,L
MT854255,G,286,Q,K
MT854255,G,298,Y,H
MT854256,G,84,G,C
MT854256,G,95,K,E
MT854256,G,96,K,E
MT854256,G,98,H,N
MT854256,G,105,P,L
MT854256,G,111,L,P
MT854256,G,114,T,P
MT854256,G,115,T,N
MT854256,G,116,Y,H
MT854256,G,119,I,T
MT854256,G,125,F,L
MT854256,G,131,Q,_
MT854256,G,132,H,Y
MT854256,G,134,V,I
MT854256,G,139,H,Y
MT854256,G,148,H,L
MT854256,G,149,H,Y
MT854256,G,150,L,S
MT854256,G,153,D,E
MT854256,G,157,E,K
MT854256,G,162,P,S
MT854256,G,168,KT,
MT854256,G,197,_,Q
MT854256,G,203,Q,_
MT854256,G,207,E,K
MT854256,G,210,H,Y
MT854256,G,211,Q,K
MT854256,G,217,N,T
MT854256,G,227,K,Q
MT854256,G,233,D,T
MT854256,G,238,Y,H
MT854256,G,248,H,Q
MT854256,G,257,L,P
MT854256,G,268,R,K
MT854256,G,277,P,L
MT854256,G,286,Q,K
MT854256,G,298,Y,H
MT854257,G,84,G,C
MT854257,G,95,K,E
MT854257,G,96,K,E
MT854257,G,98,H,N
MT854257,G,105,P,L
MT854257,G,111,L,P
MT854257,G,114,T,P
MT854257,G,115,T,N
MT854257,G,116,Y,H
MT854257,G,119,I,T
MT854257,G,125,F,L
MT854257,G,131,Q,_
MT854257,G,132,H,Y
MT854257,G,134,V,I
MT854257,G,139,H,Y
MT854257,G,148,H,L
MT854257,G,149,H,Y
MT854257,G,150,L,S
MT854257,G,153,D,E
MT854257,G,157,E,K
MT854257,G,162,P,S
MT854257,G,168,KT,
MT854257,G,197,_,Q
MT854257,G,203,Q,_
MT854257,G,207,E,K
MT854257,G,210,H,Y
MT854257,G,211,Q,K
MT854257,G,217,N,T
MT854257,G,227,K,Q
MT854257,G,233,D,T
MT854257,G,238,Y,H
MT854257,G,248,H,Q
MT854257,G,257,L,P
MT854257,G,268,R,K
MT854257,G,277,P,L
MT854257,G,286,Q,K
MT854257,G,298,Y,H
MT854258,G,84,G,C
MT854258,G,95,K,E
MT854258,G,96,K,E
MT854258,G,98,H,N
MT854258,G,105,P,L
MT854258,G,111,L,P
MT854258,G,114,T,P
MT854258,G,115,T,N
MT854258,G,116,Y,H
MT854258,G,119,I,T
MT854258,G,125,F,L
MT854258,G,131,Q,_
MT854258,G,132,H,Y
MT854258,G,134,V,I
MT854258,G,139,H,Y
MT854258,G,148,H,L
MT854258,G,149,H,Y
MT854258,G,150,L,S
MT854258,G,153,D,E
MT854258,G,157,E,K
MT854258,G,162,P,S
MT854258,G,168,KT,
MT854258,G,197,_,Q
MT854258,G,203,Q,_
MT854258,G,207,E,K
MT854258,G,210,H,Y
MT854258,G,211,Q,K
MT854258,G,217,N,T
MT854258,G,227,K,Q
MT854258,G,233,D,T
MT854258,G,238,Y,H
MT854258,G,248,H,Q
MT854258,G,257,L,P
MT854258,G,268,R,K
MT854258,G,277,P,L
MT854258,G,286,Q,K
MT854258,G,298,Y,H
MT854259,G,84,G,C
MT854259,G,95,K,E
MT854259,G,96,K,E
MT854259,G,98,H,N
MT854259,G,105,P,L
MT854259,G,111,L,P
MT854259,G,114,T,P
MT854259,G,115,T,N
MT854259,G,116,Y,H
MT854259,G,119,I,T
MT854259,G,125,F,L
MT854259,G,131,Q,_
MT854259,G,132,H,Y
MT854259,G,134,V,I
MT854259,G,139,H,Y
MT854259,G,148,H,L
MT854259,G,149,H,Y
MT854259,G,150,L,S
MT854259,G,153,D,E
MT854259,G,157,E,K
MT854259,G,162,P,S
MT854259,G,168,KT,
MT854259,G,197,_,Q
MT854259,G,203,Q,_
MT854259,G,207,E,K
MT854259,G,210,H,Y
MT854259,G,211,Q,K
MT854259,G,217,N,T
MT854259,G,227,K,Q
MT854259,G,233,D,T
MT854259,G,238,Y,H
MT854259,G,248,H,Q
MT854259,G,257,L,P
MT854259,G,268,R,K
MT854259,G,277,P,L
MT854259,G,286,Q,K
MT854259,G,298,Y,H
MT854260,G,84,G,C
MT854260,G,95,K,E
MT854260,G,96,K,E
MT854260,G,98,H,N
MT854260,G,105,P,L
MT854260,G,111,L,P
MT854260,G,114,T,P
MT854260,G,115,T,N
MT854260,G,116,Y,H
MT854260,G,119,I,T
MT854260,G,125,F,L
MT854260,G,131,Q,_
MT854260,G,132,H,Y
MT854260,G,134,V,I
MT854260,G,139,H,Y
MT854260,G,148,H,L
MT854260,G,149,H,Y
MT854260,G,150,L,S
MT854260,G,153,D,E
MT854260,G,157,E,K
MT854260,G,162,P,S
MT854260,G,168,KT,
MT854260,G,197,_,Q
MT854260,G,203,Q,_
MT854260,G,207,E,K
MT854260,G,210,H,Y
MT854260,G,211,Q,K
MT854260,G,217,N,T
MT854260,G,227,K,Q
MT854260,G,233,D,T
MT854260,G,238,Y,H
MT854260,G,248,H,Q
MT854260,G,268,R,K
MT854260,G,277,P,L
MT854260,G,286,Q,K
MT854260,G,298,Y,H
MT854261,G,84,G,C
MT854261,G,95,K,E
MT854261,G,96,K,E
MT854261,G,98,H,N
MT854261,G,105,P,L
MT854261,G,111,L,P
MT854261,G,114,T,P
MT854261,G,115,T,N
MT854261,G,116,Y,H
MT854261,G,119,I,T
MT854261,G,125,F,L
MT854261,G,131,Q,_
MT854261,G,132,H,Y
MT854261,G,134,V,I
MT854261,G,139,H,Y
MT854261,G,148,H,L
MT854261,G,149,H,Y
MT854261,G,150,L,S
MT854261,G,153,D,E
MT854261,G,157,E,K
MT854261,G,162,P,S
MT854261,G,168,KT,
MT854261,G,197,_,Q
MT854261,G,203,Q,_
MT854261,G,207,E,K
MT854261,G,210,H,Y
MT854261,G,211,Q,K
MT854261,G,217,N,T
MT854261,G,227,K,Q
MT854261,G,233,D,T
MT854261,G,238,Y,H
MT854261,G,248,H,Q
MT854261,G,268,R,K
MT854261,G,277,P,L
MT854261,G,286,Q,K
MT854261,G,298,Y,H
MT854262,G,84,G,C
MT854262,G,95,K,E
MT854262,G,96,K,E
MT854262,G,98,H,N
MT854262,G,105,P,L
MT854262,G,111,L,P
MT854262,G,114,T,P
MT854262,G,115,T,N
MT854262,G,116,Y,H
MT854262,G,119,I,T
MT854262,G,125,F,L
MT854262,G,131,Q,_
MT854262,G,132,H,Y
MT854262,G,134,V,I
MT854262,G,139,H,Y
MT854262,G,148,H,L
MT854262,G,149,H,Y
MT854262,G,150,L,S
MT854262,G,153,D,E
MT854262,G,157,E,K
MT854262,G,162,P,S
MT854262,G,168,KT,
MT854262,G,197,_,Q
MT854262,G,203,Q,_
MT854262,G,207,E,K
MT854262,G,210,H,Y
MT854262,G,211,Q,K
MT854262,G,217,N,T
MT854262,G,227,K,Q
MT854262,G,233,D,T
MT854262,G,238,Y,H
MT854262,G,248,H,Q
MT854262,G,268,R,K
MT854262,G,277,P,L
MT854262,G,286,Q,K
MT854262,G,298,Y,H
MT854263,G,84,G,C
MT854263,G,95,K,E
MT854263,G,96,K,E
MT854263,G,98,H,N
MT854263,G,105,P,L
MT854263,G,111,L,P
MT854263,G,114,T,P
MT854263,G,115,T,N
MT854263,G,116,Y,H
MT854263,G,119,I,T
MT854263,G,125,F,L
MT854263,G,131,Q,_
MT854263,G,132,H,Y
MT854263,G,134,V,I
MT854263,G,139,H,Y
MT854263,G,148,H,L
MT854263,G,149,H,Y
MT854263,G,150,L,S
MT854263,G,153,D,E
MT854263,G,157,E,K
MT854263,G,162,P,S
MT854263,G,168,KT,
MT854263,G,197,_,Q
MT854263,G,203,Q,_
MT854263,G,207,E,K
MT854263,G,210,H,Y
MT854263,G,211,Q,K
MT854263,G,217,N,T
MT854263,G,227,K,_
MT854263,G,233,D,T
MT854263,G,238,Y,H
MT854263,G,240,Q,_
MT854263,G,248,H,Q
MT854263,G,257,L,P
MT854263,G,268,R,K
MT854263,G,277,P,L
MT854263,G,286,Q,K
MT854263,G,298,Y,H
MT854264,G,84,G,C
MT854264,G,95,K,E
MT854264,G,96,K,E
MT854264,G,98,H,N
MT854264,G,105,P,L
MT854264,G,111,L,P
MT854264,G,114,T,P
MT854264,G,115,T,N
MT854264,G,116,Y,H
MT854264,G,119,I,T
MT854264,G,125,F,L
MT854264,G,131,Q,_
MT854264,G,132,H,Y
MT854264,G,134,V,I
MT854264,G,139,H,Y
MT854264,G,148,H,L
MT854264,G,149,H,Y
MT854264,G,150,L,S
MT854264,G,153,D,E
MT854264,G,157,E,K
MT854264,G,162,P,S
MT854264,G,168,KT,
MT854264,G,197,_,Q
MT854264,G,203,Q,_
MT854264,G,207,E,K
MT854264,G,210,H,Y
MT854264,G,211,Q,K
MT854264,G,217,N,T
MT854264,G,227,K,_
MT854264,G,233,D,T
MT854264,G,238,Y,H
MT854264,G,240,Q,_
MT854264,G,248,H,Q
MT854264,G,257,L,P
MT854264,G,268,R,K
MT854264,G,277,P,L
MT854264,G,286,Q,K
MT854264,G,298,Y,H
MT854265,G,84,G,C
MT854265,G,95,K,E
MT854265,G,96,K,E
MT854265,G,98,H,N
MT854265,G,105,P,L
MT854265,G,111,L,P
MT854265,G,114,T,P
MT854265,G,115,T,N
MT854265,G,116,Y,H
MT854265,G,119,I,T
MT854265,G,125,F,L
MT854265,G,131,Q,_
MT854265,G,132,H,Y
MT854265,G,134,V,I
MT854265,G,139,H,Y
MT854265,G,148,H,L
MT854265,G,149,H,Y
MT854265,G,150,L,S
MT854265,G,153,D,E
MT854265,G,157,E,K
MT854265,G,162,P,S
MT854265,G,168,KT,
MT854265,G,197,_,Q
MT854265,G,203,Q,_
MT854265,G,207,E,K
MT854265,G,210,H,Y
MT854265,G,211,Q,K
MT854265,G,217,N,T
MT854265,G,227,K,_
MT854265,G,233,D,T
MT854265,G,238,Y,H
MT854265,G,240,Q,_
MT854265,G,248,H,Q
MT854265,G,257,L,P
MT854265,G,268,R,K
MT854265,G,277,P,L
MT854265,G,286,Q,K
MT854265,G,298,Y,H
MT854266,G,84,G,C
MT854266,G,95,K,E
MT854266,G,96,K,E
MT854266,G,98,H,N
MT854266,G,105,P,L
MT854266,G,111,L,P
MT854266,G,114,T,P
MT854266,G,115,T,N
MT854266,G,116,Y,H
MT854266,G,119,I,T
MT854266,G,125,F,L
MT854266,G,131,Q,_
MT854266,G,132,H,Y
MT854266,G,134,V,I
MT854266,G,139,H,Y
MT854266,G,148,H,L
MT854266,G,149,H,Y
MT854266,G,150,L,S
MT854266,G,153,D,E
MT854266,G,157,E,K
MT854266,G,162,P,S
MT854266,G,168,KT,
MT854266,G,197,_,Q
MT854266,G,203,Q,_
MT854266,G,207,E,K
MT854266,G,210,H,Y
MT854266,G,211,Q,K
MT854266,G,217,N,T
MT854266,G,227,K,_
MT854266,G,233,D,T
MT854266,G,238,Y,H
MT854266,G,240,Q,_
MT854266,G,248,H,Q
MT854266,G,257,L,P
MT854266,G,268,R,K
MT854266,G,277,P,L
MT854266,G,286,Q,K
MT854266,G,298,Y,H
MT854267,G,84,G,C
MT854267,G,95,K,E
MT854267,G,96,K,E
MT854267,G,98,H,N
MT854267,G,105,P,L
MT854267,G,111,L,P
MT854267,G,114,T,P
MT854267,G,115,T,N
MT854267,G,116,Y,H
MT854267,G,119,I,T
MT854267,G,125,F,L
MT854267,G,131,Q,_
MT854267,G,132,H,Y
MT854267,G,134,V,I
MT854267,G,139,H,Y
MT854267,G,148,H,L
MT854267,G,149,H,Y
MT854267,G,150,L,S
MT854267,G,153,D,E
MT854267,G,157,E,K
MT854267,G,162,P,S
MT854267,G,168,KT,
MT854267,G,197,_,Q
MT854267,G,203,Q,_
MT854267,G,207,E,K
MT854267,G,210,H,Y
MT854267,G,211,Q,K
MT854267,G,217,N,T
MT854267,G,218,H,Y
MT854267,G,227,K,Q
MT854267,G,233,D,T
MT854267,G,238,Y,H
MT854267,G,248,H,Q
MT854267,G,257,L,P
MT854267,G,268,R,K
MT854267,G,277,P,L
MT854267,G,286,Q,K
MT854267,G,298,Y,H
MT854268,G,79,S,G
MT854268,G,84,G,C
MT854268,G,91,K,E
MT854268,G,95,K,E
MT854268,G,96,K,E
MT854268,G,98,H,N
MT854268,G,105,P,L
MT854268,G,111,L,P
MT854268,G,114,T,P
MT854268,G,115,T,N
MT854268,G,116,Y,H
MT854268,G,119,I,T
MT854268,G,125,F,L
MT854268,G,131,Q,_
MT854268,G,132,H,Y
MT854268,G,134,V,I
MT854268,G,139,H,Y
MT854268,G,148,H,L
MT854268,G,149,H,Y
MT854268,G,150,L,S
MT854268,G,153,D,E
MT854268,G,157,E,K
MT854268,G,162,P,S
MT854268,G,168,KT,
MT854268,G,197,_,Q
MT854268,G,203,Q,_
MT854268,G,207,E,K
MT854268,G,210,H,Y
MT854268,G,211,Q,K
MT854268,G,217,N,T
MT854268,G,218,H,Y
MT854268,G,227,K,Q
MT854268,G,233,D,T
MT854268,G,238,Y,H
MT854268,G,248,H,Q
MT854268,G,257,L,P
MT854268,G,268,R,K
MT854268,G,277,P,L
MT854268,G,286,Q,K
MT854268,G,298,Y,H
MT854269,G,84,G,C
MT854269,G,91,K,E
MT854269,G,95,K,E
MT854269,G,96,K,E
MT854269,G,98,H,N
MT854269,G,105,P,L
MT854269,G,111,L,P
MT854269,G,114,T,P
MT854269,G,115,T,N
MT854269,G,116,Y,H
MT854269,G,119,I,T
MT854269,G,125,F,L
MT854269,G,131,Q,_
MT854269,G,132,H,Y
MT854269,G,134,V,I
MT854269,G,139,H,Y
MT854269,G,148,H,L
MT854269,G,149,H,Y
MT854269,G,150,L,S
MT854269,G,153,D,E
MT854269,G,157,E,K
MT854269,G,162,P,S
MT854269,G,168,KT,
MT854269,G,197,_,Q
MT854269,G,203,Q,_
MT854269,G,207,E,K
MT854269,G,210,H,Y
MT854269,G,211,Q,K
MT854269,G,217,N,T
MT854269,G,218,H,Y
MT854269,G,227,K,Q
MT854269,G,233,D,T
MT854269,G,238,Y,H
MT854269,G,248,H,Q
MT854269,G,257,L,P
MT854269,G,268,R,K
MT854269,G,277,P,L
MT854269,G,286,Q,K
MT854269,G,298,Y,H
MT854270,G,95,K,E
MT854270,G,96,K,E
MT854270,G,98,H,N
MT854270,G,105,P,L
MT854270,G,111,L,P
MT854270,G,114,T,P
MT854270,G,115,T,N
MT854270,G,116,Y,H
MT854270,G,119,I,T
MT854270,G,125,F,L
MT854270,G,131,Q,_
MT854270,G,132,H,Y
MT854270,G,134,V,I
MT854270,G,139,H,Y
MT854270,G,148,H,L
MT854270,G,149,H,Y
MT854270,G,150,L,S
MT854270,G,153,D,E
MT854270,G,157,E,K
MT854270,G,162,P,S
MT854270,G,168,KT,
MT854270,G,197,_,Q
MT854270,G,203,Q,_
MT854270,G,207,E,K
MT854270,G,210,H,Y
MT854270,G,211,Q,K
MT854270,G,217,N,T
MT854270,G,227,K,_
MT854270,G,233,D,T
MT854270,G,238,Y,H
MT854270,G,240,Q,_
MT854270,G,248,H,Q
MT854270,G,257,L,P
MT854270,G,262,A,V
MT854270,G,268,R,K
MT854270,G,277,P,L
MT854270,G,286,Q,K
MT854270,G,298,Y,H
MT854271,G,95,K,E
MT854271,G,96,K,E
MT854271,G,98,H,N
MT854271,G,105,P,L
MT854271,G,111,L,P
MT854271,G,114,T,P
MT854271,G,115,T,N
MT854271,G,116,Y,H
MT854271,G,119,I,T
MT854271,G,125,F,L
MT854271,G,131,Q,_
MT854271,G,132,H,Y
MT854271,G,134,V,I
MT854271,G,139,H,Y
MT854271,G,148,H,L
MT854271,G,149,H,Y
MT854271,G,150,L,S
MT854271,G,153,D,E
MT854271,G,157,E,K
MT854271,G,162,P,S
MT854271,G,168,KT,
MT854271,G,197,_,Q
MT854271,G,203,Q,_
MT854271,G,207,E,K
MT854271,G,210,H,Y
MT854271,G,211,Q,K
MT854271,G,217,N,T
MT854271,G,227,K,Q
MT854271,G,233,D,T
MT854271,G,238,Y,H
MT854271,G,240,Q,_
MT854271,G,248,H,Q
MT854271,G,257,L,P
MT854271,G,263,R,_
MT854271,G,268,R,K
MT854271,G,275,I,V
MT854271,G,277,P,L
MT854271,G,286,Q,K
MT854271,G,298,Y,H
MT854272,G,84,G,C
MT854272,G,91,K,E
MT854272,G,95,K,E
MT854272,G,96,K,E
MT854272,G,98,H,N
MT854272,G,105,P,L
MT854272,G,111,L,P
MT854272,G,114,T,P
MT854272,G,115,T,N
MT854272,G,116,Y,H
MT854272,G,119,I,T
MT854272,G,125,F,L
MT854272,G,131,Q,_
MT854272,G,132,H,Y
MT854272,G,134,V,I
MT854272,G,139,H,Y
MT854272,G,148,H,L
MT854272,G,149,H,Y
MT854272,G,150,L,S
MT854272,G,153,D,E
MT854272,G,157,E,K
MT854272,G,162,P,S
MT854272,G,168,KT,
MT854272,G,197,_,Q
MT854272,G,203,Q,_
MT854272,G,207,E,K
MT854272,G,210,H,Y
MT854272,G,211,Q,K
MT854272,G,217,N,T
MT854272,G,227,K,Q
MT854272,G,233,D,T
MT854272,G,238,Y,H
MT854272,G,240,Q,_
MT854272,G,248,H,Q
MT854272,G,257,L,P
MT854272,G,263,R,_
MT854272,G,268,R,K
MT854272,G,277,P,L
MT854272,G,286,Q,K
MT854272,G,298,Y,H
MT854273,G,84,G,C
MT854273,G,95,K,E
MT854273,G,96,K,E
MT854273,G,98,H,N
MT854273,G,105,P,L
MT854273,G,111,L,P
MT854273,G,114,T,P
MT854273,G,115,T,N
MT854273,G,116,Y,H
MT854273,G,119,I,T
MT854273,G,125,F,L
MT854273,G,131,Q,_
MT854273,G,132,H,Y
MT854273,G,134,V,I
MT854273,G,139,H,Y
MT854273,G,148,H,L
MT854273,G,149,H,Y
MT854273,G,150,L,S
MT854273,G,153,D,E
MT854273,G,157,E,K
MT854273,G,162,P,S
MT854273,G,168,KT,
MT854273,G,197,_,Q
MT854273,G,203,Q,_
MT854273,G,207,E,K
MT854273,G,210,H,Y
MT854273,G,211,Q,K
MT854273,G,217,N,T
MT854273,G,227,K,_
MT854273,G,233,D,T
MT854273,G,238,Y,H
MT854273,G,240,Q,_
MT854273,G,248,H,Q
MT854273,G,257,L,P
MT854273,G,263,R,_
MT854273,G,268,R,K
MT854273,G,277,P,L
MT854273,G,286,Q,K
MT854273,G,298,Y,H
MT854274,G,84,G,C
MT854274,G,91,K,E
MT854274,G,95,K,E
MT854274,G,96,K,E
MT854274,G,98,H,N
MT854274,G,105,P,L
MT854274,G,111,L,P
MT854274,G,114,T,P
MT854274,G,115,T,N
MT854274,G,116,Y,H
MT854274,G,119,I,T
MT854274,G,125,F,L
MT854274,G,131,Q,_
MT854274,G,132,H,Y
MT854274,G,134,V,I
MT854274,G,139,H,Y
MT854274,G,148,H,L
MT854274,G,149,H,Y
MT854274,G,150,L,S
MT854274,G,153,D,E
MT854274,G,157,E,K
MT854274,G,162,P,S
MT854274,G,168,KT,
MT854274,G,197,_,Q
MT854274,G,203,Q,_
MT854274,G,207,E,K
MT854274,G,210,H,Y
MT854274,G,211,Q,K
MT854274,G,217,N,T
MT854274,G,227,K,_
MT854274,G,233,D,T
MT854274,G,238,Y,H
MT854274,G,240,Q,_
MT854274,G,248,H,Q
MT854274,G,257,L,P
MT854274,G,268,R,K
MT854274,G,277,P,L
MT854274,G,286,Q,K
MT854274,G,298,Y,H
MT854275,G,84,G,C
MT854275,G,91,K,E
MT854275,G,95,K,E
MT854275,G,96,K,E
MT854275,G,98,H,N
MT854275,G,105,P,L
MT854275,G,111,L,P
MT854275,G,114,T,P
MT854275,G,115,T,N
MT854275,G,116,Y,H
MT854275,G,119,I,T
MT854275,G,125,F,L
MT854275,G,131,Q,_
MT854275,G,132,H,Y
MT854275,G,134,V,I
MT854275,G,139,H,Y
MT854275,G,148,H,L
MT854275,G,149,H,Y
MT854275,G,150,L,S
MT854275,G,153,D,E
MT854275,G,157,E,K
MT854275,G,162,P,S
MT854275,G,168,KT,
MT854275,G,197,_,Q
MT854275,G,202,Q,_
MT854275,G,203,Q,_
MT854275,G,207,E,K
MT854275,G,211,Q,K
MT854275,G,217,N,T
MT854275,G,227,K,_
MT854275,G,233,D,T
MT854275,G,238,Y,H
MT854275,G,240,Q,_
MT854275,G,248,H,Q
MT854275,G,257,L,P
MT854275,G,268,R,K
MT854275,G,277,P,L
MT854275,G,286,Q,K
MT854275,G,298,Y,H
MT854276,G,84,G,C
MT854276,G,95,K,E
MT854276,G,96,K,E
MT854276,G,98,H,N
MT854276,G,105,P,L
MT854276,G,111,L,P
MT854276,G,114,T,P
MT854276,G,115,T,N
MT854276,G,116,Y,H
MT854276,G,119,I,T
MT854276,G,125,F,L
MT854276,G,131,Q,_
MT854276,G,132,H,Y
MT854276,G,134,V,I
MT854276,G,139,H,Y
MT854276,G,148,H,L
MT854276,G,149,H,Y
MT854276,G,150,L,S
MT854276,G,153,D,E
MT854276,G,157,E,K
MT854276,G,162,P,S
MT854276,G,168,KT,
MT854276,G,197,_,Q
MT854276,G,202,Q,_
MT854276,G,203,Q,_
MT854276,G,207,E,K
MT854276,G,211,Q,K
MT854276,G,217,N,T
MT854276,G,227,K,_
MT854276,G,233,D,T
MT854276,G,238,Y,H
MT854276,G,240,Q,_
MT854276,G,248,H,Q
MT854276,G,257,L,P
MT854276,G,268,R,K
MT854276,G,277,P,L
MT854276,G,286,Q,K
MT854276,G,298,Y,H
MT854277,G,84,G,C
MT854277,G,95,K,E
MT854277,G,96,K,E
MT854277,G,98,H,N
MT854277,G,105,P,L
MT854277,G,111,L,P
MT854277,G,114,T,P
MT854277,G,115,T,N
MT854277,G,116,Y,H
MT854277,G,119,I,T
MT854277,G,125,F,L
MT854277,G,131,Q,_
MT854277,G,132,H,Y
MT854277,G,134,V,I
MT854277,G,139,H,Y
MT854277,G,148,H,L
MT854277,G,149,H,Y
MT854277,G,150,L,S
MT854277,G,153,D,E
MT854277,G,157,E,K
MT854277,G,162,P,S
MT854277,G,168,KT,
MT854277,G,197,_,Q
MT854277,G,203,Q,_
MT854277,G,207,E,K
MT854277,G,210,H,Y
MT854277,G,211,Q,K
MT854277,G,217,N,T
MT854277,G,227,K,Q
MT854277,G,233,D,T
MT854277,G,238,Y,H
MT854277,G,240,Q,_
MT854277,G,248,H,Q
MT854277,G,257,L,P
MT854277,G,268,R,K
MT854277,G,275,I,V
MT854277,G,277,P,L
MT854277,G,286,Q,K
MT854277,G,290,N,D
MT854277,G,298,Y,H
MT854278,G,84,G,C
MT854278,G,95,K,E
MT854278,G,96,K,E
MT854278,G,98,H,N
MT854278,G,105,P,L
MT854278,G,108,K,R
MT854278,G,111,L,P
MT854278,G,114,T,P
MT854278,G,115,T,N
MT854278,G,116,Y,H
MT854278,G,119,I,T
MT854278,G,125,F,L
MT854278,G,131,Q,_
MT854278,G,132,H,Y
MT854278,G,134,V,I
MT854278,G,139,H,Y
MT854278,G,148,H,L
MT854278,G,149,H,Y
MT854278,G,150,L,S
MT854278,G,153,D,E
MT854278,G,157,E,K
MT854278,G,162,P,S
MT854278,G,168,KT,
MT854278,G,197,_,Q
MT854278,G,203,Q,_
MT854278,G,207,E,K
MT854278,G,211,Q,K
MT854278,G,217,N,T
MT854278,G,227,K,Q
MT854278,G,233,D,T
MT854278,G,238,Y,H
MT854278,G,248,H,Q
MT854278,G,257,L,P
MT854278,G,268,R,K
MT854278,G,277,P,L
MT854278,G,286,Q,K
MT854278,G,298,Y,H
MT854279,G,84,G,C
MT854279,G,95,K,E
MT854279,G,96,K,E
MT854279,G,98,H,N
MT854279,G,105,P,L
MT854279,G,108,K,R
MT854279,G,111,L,P
MT854279,G,114,T,P
MT854279,G,115,T,N
MT854279,G,116,Y,H
MT854279,G,119,I,T
MT854279,G,125,F,L
MT854279,G,131,Q,_
MT854279,G,132,H,Y
MT854279,G,134,V,I
MT854279,G,139,H,Y
MT854279,G,148,H,L
MT854279,G,149,H,Y
MT854279,G,150,L,S
MT854279,G,153,D,E
MT854279,G,157,E,K
MT854279,G,162,P,S
MT854279,G,168,KT,
MT854279,G,197,_,Q
MT854279,G,203,Q,_
MT854279,G,207,E,K
MT854279,G,211,Q,K
MT854279,G,217,N,T
MT854279,G,227,K,Q
MT854279,G,233,D,T
MT854279,G,238,Y,H
MT854279,G,248,H,Q
MT854279,G,257,L,P
MT854279,G,268,R,K
MT854279,G,277,P,L
MT854279,G,286,Q,K
MT854279,G,298,Y,H
MT854280,G,84,G,C
MT854280,G,95,K,E
MT854280,G,96,K,E
MT854280,G,98,H,N
MT854280,G,105,P,L
MT854280,G,108,K,R
MT854280,G,111,L,P
MT854280,G,114,T,P
MT854280,G,115,T,S
MT854280,G,116,Y,H
MT854280,G,119,I,T
MT854280,G,125,F,L
MT854280,G,131,Q,_
MT854280,G,132,H,Y
MT854280,G,134,V,I
MT854280,G,139,H,Y
MT854280,G,148,H,L
MT854280,G,149,H,Y
MT854280,G,150,L,S
MT854280,G,153,D,E
MT854280,G,157,E,K
MT854280,G,162,P,S
MT854280,G,168,KT,
MT854280,G,197,_,Q
MT854280,G,203,Q,_
MT854280,G,207,E,K
MT854280,G,210,H,Y
MT854280,G,211,Q,K
MT854280,G,217,N,T
MT854280,G,227,K,Q
MT854280,G,233,D,T
MT854280,G,238,Y,H
MT854280,G,248,H,Q
MT854280,G,257,L,P
MT854280,G,268,R,K
MT854280,G,277,P,L
MT854280,G,286,Q,K
MT854280,G,298,Y,H
MT854281,G,84,G,S
MT854281,G,95,K,E
MT854281,G,96,K,E
MT854281,G,98,H,N
MT854281,G,105,P,L
MT854281,G,111,L,P
MT854281,G,114,T,P
MT854281,G,115,T,N
MT854281,G,116,Y,H
MT854281,G,119,I,T
MT854281,G,125,F,L
MT854281,G,131,Q,_
MT854281,G,132,H,Y
MT854281,G,134,V,I
MT854281,G,139,H,Y
MT854281,G,148,H,L
MT854281,G,149,H,Y
MT854281,G,150,L,S
MT854281,G,153,D,E
MT854281,G,157,E,K
MT854281,G,162,P,S
MT854281,G,168,KT,
MT854281,G,197,_,Q
MT854281,G,203,Q,_
MT854281,G,207,E,K
MT854281,G,210,H,Y
MT854281,G,211,Q,K
MT854281,G,217,N,T
MT854281,G,227,K,Q
MT854281,G,233,D,T
MT854281,G,238,Y,H
MT854281,G,240,Q,_
MT854281,G,248,H,Q
MT854281,G,257,L,P
MT854281,G,268,R,K
MT854281,G,277,P,L
MT854281,G,286,Q,K
MT854281,G,291,T,A
MT854281,G,298,Y,H
MT854282,G,84,G,S
MT854282,G,95,K,E
MT854282,G,96,K,E
MT854282,G,98,H,N
MT854282,G,105,P,L
MT854282,G,111,L,P
MT854282,G,114,T,P
MT854282,G,115,T,N
MT854282,G,116,Y,H
MT854282,G,119,I,T
MT854282,G,125,F,L
MT854282,G,131,Q,_
MT854282,G,132,H,Y
MT854282,G,134,V,I
MT854282,G,139,H,Y
MT854282,G,148,H,L
MT854282,G,149,H,Y
MT854282,G,150,L,S
MT854282,G,153,D,E
MT854282,G,157,E,K
MT854282,G,162,P,S
MT854282,G,168,KT,
MT854282,G,197,_,Q
MT854282,G,202,Q,_
MT854282,G,203,Q,_
MT854282,G,207,E,K
MT854282,G,211,Q,K
MT854282,G,217,N,T
MT854282,G,227,K,_
MT854282,G,233,D,T
MT854282,G,238,Y,H
MT854282,G,240,Q,_
MT854282,G,248,H,Q
MT854282,G,257,L,P
MT854282,G,268,R,K
MT854282,G,277,P,L
MT854282,G,286,Q,G
MT854282,G,290,N,S
MT854282,G,291,T,A
MT854282,G,294,I,L
MT854282,G,298,Y,H
MT854283,G,84,G,C
MT854283,G,95,K,E
MT854283,G,96,K,E
MT854283,G,98,H,N
MT854283,G,105,P,L
MT854283,G,111,L,P
MT854283,G,114,T,P
MT854283,G,115,T,N
MT854283,G,116,Y,H
MT854283,G,119,I,T
MT854283,G,125,F,L
MT854283,G,131,Q,_
MT854283,G,132,H,Y
MT854283,G,134,V,I
MT854283,G,139,H,Y
MT854283,G,148,H,L
MT854283,G,149,H,Y
MT854283,G,150,L,S
MT854283,G,153,D,E
MT854283,G,157,E,K
MT854283,G,162,P,S
MT854283,G,168,KT,
MT854283,G,197,_,Q
MT854283,G,202,Q,_
MT854283,G,203,Q,_
MT854283,G,207,E,K
MT854283,G,211,Q,K
MT854283,G,217,N,T
MT854283,G,227,K,_
MT854283,G,233,D,T
MT854283,G,238,Y,H
MT854283,G,240,Q,_
MT854283,G,248,H,Q
MT854283,G,257,L,P
MT854283,G,268,R,K
MT854284,G,84,G,C
MT854284,G,95,K,E
MT854284,G,96,K,E
MT854284,G,98,H,N
MT854284,G,105,P,L
MT854284,G,111,L,P
MT854284,G,114,T,P
MT854284,G,115,T,N
MT854284,G,116,Y,H
MT854284,G,119,I,T
MT854284,G,125,F,L
MT854284,G,131,Q,_
MT854284,G,132,H,Y
MT854284,G,134,V,I
MT854284,G,139,H,Y
MT854284,G,148,H,L
MT854284,G,149,H,Y
MT854284,G,150,L,S
MT854284,G,153,D,E
MT854284,G,157,E,K
MT854284,G,162,P,S
MT854284,G,168,KT,
MT854284,G,197,_,Q
MT854284,G,202,Q,_
MT854284,G,203,Q,_
MT854284,G,207,E,K
MT854284,G,211,Q,K
MT854284,G,217,N,T
MT854284,G,227,K,_
MT854284,G,233,D,T
MT854284,G,238,Y,H
MT854284,G,240,Q,_
MT854284,G,248,H,Q
MT854284,G,257,L,P
MT854284,G,268,R,K
MT854284,G,277,P,L
MT854284,G,286,Q,K
MT854284,G,298,Y,H
MT854285,G,84,G,C
MT854285,G,94,_,W
MT854285,G,95,K,E
MT854285,G,96,K,E
MT854285,G,98,H,N
MT854285,G,105,P,L
MT854285,G,111,L,P
MT854285,G,114,T,P
MT854285,G,115,T,N
MT854285,G,116,Y,H
MT854285,G,119,I,T
MT854285,G,125,F,L
MT854285,G,131,Q,_
MT854285,G,132,H,Y
MT854285,G,134,V,I
MT854285,G,139,H,Y
MT854285,G,148,H,L
MT854285,G,149,H,Y
MT854285,G,150,L,S
MT854285,G,153,D,E
MT854285,G,157,E,K
MT854285,G,162,P,S
MT854285,G,168,KT,
MT854285,G,197,_,Q
MT854285,G,202,Q,_
MT854285,G,203,Q,_
MT854285,G,207,E,K
MT854285,G,211,Q,K
MT854285,G,217,N,T
MT854285,G,227,K,_
MT854285,G,233,D,T
MT854285,G,238,Y,H
MT854285,G,240,Q,_
MT854285,G,248,H,Q
MT854285,G,257,L,P
MT854285,G,268,R,K
MT854285,G,277,P,L
MT854285,G,286,Q,K
MT854285,G,298,Y,H
MT854286,G,84,G,C
MT854286,G,95,K,E
MT854286,G,96,K,E
MT854286,G,98,H,N
MT854286,G,105,P,L
MT854286,G,111,L,P
MT854286,G,114,T,P
MT854286,G,115,T,N
MT854286,G,116,Y,H
MT854286,G,119,I,T
MT854286,G,125,F,L
MT854286,G,132,H,Y
MT854286,G,133,K,E
MT854286,G,134,V,I
MT854286,G,139,H,Y
MT854286,G,148,H,L
MT854286,G,149,H,Y
MT854286,G,150,L,S
MT854286,G,153,D,E
MT854286,G,157,E,K
MT854286,G,162,P,S
MT854286,G,168,KT,
MT854286,G,197,_,Q
MT854286,G,203,Q,_
MT854286,G,207,E,K
MT854286,G,210,H,Y
MT854286,G,211,Q,K
MT854286,G,217,N,T
MT854286,G,227,K,_
MT854286,G,233,D,T
MT854286,G,238,Y,H
MT854286,G,239,H,Y
MT854286,G,240,Q,_
MT854286,G,248,H,Q
MT854286,G,257,L,P
MT854286,G,268,R,K
MT854286,G,277,P,L
MT854286,G,286,Q,K
MT854286,G,298,Y,H
MT854287,G,84,G,C
MT854287,G,95,K,E
MT854287,G,96,K,E
MT854287,G,98,H,N
MT854287,G,105,P,L
MT854287,G,111,L,P
MT854287,G,114,T,P
MT854287,G,115,T,N
MT854287,G,116,Y,H
MT854287,G,119,I,T
MT854287,G,125,F,L
MT854287,G,131,Q,_
MT854287,G,132,H,Y
MT854287,G,134,V,I
MT854287,G,139,H,Y
MT854287,G,148,H,L
MT854287,G,149,H,Y
MT854287,G,150,L,S
MT854287,G,153,D,E
MT854287,G,157,E,K
MT854287,G,162,P,S
MT854287,G,168,KT,
MT854287,G,197,_,Q
MT854287,G,203,Q,_
MT854287,G,207,E,K
MT854287,G,210,H,Y
MT854287,G,211,Q,K
MT854287,G,217,N,T
MT854287,G,227,K,_
MT854287,G,233,D,T
MT854287,G,238,Y,H
MT854287,G,240,Q,_
MT854287,G,248,H,Q
MT854287,G,257,L,P
MT854287,G,268,R,K
MT854287,G,277,P,L
MT854287,G,286,Q,K
MT854287,G,298,Y,H
MT854288,G,84,G,C
MT854288,G,95,K,E
MT854288,G,96,K,E
MT854288,G,98,H,N
MT854288,G,105,P,L
MT854288,G,111,L,P
MT854288,G,114,T,P
MT854288,G,115,T,N
MT854288,G,116,Y,H
MT854288,G,119,I,T
MT854288,G,125,F,L
MT854288,G,129,I,V
MT854288,G,131,Q,_
MT854288,G,132,H,Y
MT854288,G,134,V,I
MT854288,G,135,R,G
MT854288,G,139,H,Y
MT854288,G,148,H,L
MT854288,G,149,H,Y
MT854288,G,150,L,S
MT854288,G,153,D,E
MT854288,G,157,E,K
MT854288,G,162,P,S
MT854288,G,168,KT,
MT854288,G,197,_,Q
MT854288,G,203,Q,_
MT854288,G,207,E,K
MT854288,G,210,H,Y
MT854288,G,211,Q,K
MT854288,G,217,N,T
MT854288,G,227,K,_
MT854288,G,233,D,T
MT854288,G,238,Y,H
MT854288,G,240,Q,_
MT854288,G,248,H,Q
MT854288,G,257,L,P
MT854288,G,268,R,K
MT854288,G,277,P,L
MT854288,G,286,Q,K
MT854288,G,298,Y,H
MT854289,G,84,G,C
MT854289,G,95,K,E
MT854289,G,96,K,E
MT854289,G,98,H,N
MT854289,G,105,P,L
MT854289,G,111,L,P
MT854289,G,114,T,P
MT854289,G,115,T,N
MT854289,G,116,Y,H
MT854289,G,119,I,T
MT854289,G,125,F,L
MT854289,G,129,I,V
MT854289,G,131,Q,_
MT854289,G,132,H,Y
MT854289,G,134,V,I
MT854289,G,135,R,G
MT854289,G,139,H,Y
MT854289,G,148,H,L
MT854289,G,149,H,Y
MT854289,G,150,L,S
MT854289,G,153,D,E
MT854289,G,157,E,K
MT854289,G,162,P,S
MT854289,G,168,KT,
MT854289,G,197,_,Q
MT854289,G,203,Q,_
MT854289,G,207,E,K
MT854289,G,210,H,Y
MT854289,G,211,Q,K
MT854289,G,217,N,T
MT854289,G,227,K,_
MT854289,G,233,D,T
MT854289,G,238,Y,H
MT854289,G,240,Q,_
MT854289,G,248,H,Q
MT854289,G,257,L,P
MT854289,G,268,R,K
MT854289,G,277,P,L
MT854289,G,286,Q,K
MT854289,G,298,Y,H
MT854290,G,84,G,C
MT854290,G,95,K,E
MT854290,G,96,K,E
MT854290,G,98,H,N
MT854290,G,105,P,L
MT854290,G,111,L,P
MT854290,G,114,T,P
MT854290,G,115,T,N
MT854290,G,116,Y,H
MT854290,G,119,I,T
MT854290,G,125,F,L
MT854290,G,132,H,Y
MT854290,G,134,V,I
MT854290,G,139,H,Y
MT854290,G,148,H,L
MT854290,G,149,H,Y
MT854290,G,150,L,S
MT854290,G,153,D,E
MT854290,G,157,E,K
MT854290,G,162,P,S
MT854290,G,168,KT,
MT854290,G,197,_,Q
MT854290,G,203,Q,_
MT854290,G,207,E,K
MT854290,G,210,H,Y
MT854290,G,211,Q,K
MT854290,G,217,N,T
MT854290,G,227,K,_
MT854290,G,233,D,T
MT854290,G,238,Y,H
MT854290,G,240,Q,_
MT854290,G,248,H,Q
MT854290,G,257,L,P
MT854290,G,268,R,K
MT854290,G,277,P,L
MT854290,G,285,T,A
MT854290,G,286,Q,K
MT854290,G,298,Y,H
MT854291,G,84,G,C
MT854291,G,95,K,E
MT854291,G,96,K,E
MT854291,G,98,H,N
MT854291,G,105,P,L
MT854291,G,111,L,P
MT854291,G,114,T,P
MT854291,G,115,T,N
MT854291,G,116,Y,H
MT854291,G,119,I,T
MT854291,G,125,F,L
MT854291,G,132,H,Y
MT854291,G,134,V,I
MT854291,G,139,H,Y
MT854291,G,148,H,L
MT854291,G,149,H,Y
MT854291,G,150,L,S
MT854291,G,153,D,E
MT854291,G,157,E,K
MT854291,G,162,P,S
MT854291,G,168,KT,
MT854291,G,197,_,Q
MT854291,G,203,Q,_
MT854291,G,207,E,K
MT854291,G,210,H,Y
MT854291,G,211,Q,K
MT854291,G,217,N,T
MT854291,G,227,K,_
MT854291,G,233,D,T
MT854291,G,234,E,G
MT854291,G,238,Y,H
MT854291,G,240,Q,_
MT854291,G,248,H,Q
MT854291,G,257,L,P
MT854291,G,268,R,K
MT854291,G,286,Q,K
MT854291,G,298,Y,H
MT854292,G,84,G,C
MT854292,G,95,K,E
MT854292,G,96,K,E
MT854292,G,98,H,N
MT854292,G,105,P,L
MT854292,G,111,L,P
MT854292,G,114,T,P
MT854292,G,115,T,N
MT854292,G,116,Y,H
MT854292,G,119,I,T
MT854292,G,125,F,L
MT854292,G,131,Q,_
MT854292,G,132,H,Y
MT854292,G,134,V,I
MT854292,G,139,H,Y
MT854292,G,148,H,L
MT854292,G,150,L,S
MT854292,G,153,D,E
MT854292,G,157,E,K
MT854292,G,162,P,S
MT854292,G,168,KT,
MT854292,G,197,_,Q
MT854292,G,203,Q,_
MT854292,G,207,E,K
MT854292,G,210,H,Y
MT854292,G,211,Q,K
MT854292,G,217,N,T
MT854292,G,227,K,_
MT854292,G,233,D,T
MT854292,G,238,Y,H
MT854292,G,248,H,Q
MT854292,G,257,L,P
MT854292,G,268,R,K
MT854292,G,277,P,L
MT854292,G,286,Q,K
MT854292,G,298,Y,H
MT854293,G,84,G,C
MT854293,G,95,K,E
MT854293,G,96,K,E
MT854293,G,98,H,N
MT854293,G,105,P,L
MT854293,G,111,L,P
MT854293,G,114,T,P
MT854293,G,115,T,N
MT854293,G,116,Y,H
MT854293,G,119,I,T
MT854293,G,125,F,L
MT854293,G,131,Q,_
MT854293,G,132,H,Y
MT854293,G,134,V,I
MT854293,G,139,H,Y
MT854293,G,148,H,L
MT854293,G,149,H,Y
MT854293,G,150,L,S
MT854293,G,153,D,E
MT854293,G,157,E,K
MT854293,G,162,P,S
MT854293,G,168,KT,
MT854293,G,197,_,Q
MT854293,G,203,Q,_
MT854293,G,207,E,K
MT854293,G,210,H,Y
MT854293,G,211,Q,K
MT854293,G,217,N,T
MT854293,G,227,K,_
MT854293,G,228,N,T
MT854293,G,233,D,T
MT854293,G,238,Y,H
MT854293,G,240,Q,_
MT854293,G,248,H,Q
MT854293,G,257,L,P
MT854293,G,268,R,K
MT854293,G,277,P,L
MT854293,G,282,R,Q
MT854293,G,286,Q,K
MT854293,G,298,Y,H
MT854294,G,84,G,C
MT854294,G,95,K,E
MT854294,G,96,K,E
MT854294,G,98,H,N
MT854294,G,105,P,L
MT854294,G,111,L,P
MT854294,G,114,T,P
MT854294,G,115,T,N
MT854294,G,116,Y,H
MT854294,G,119,I,T
MT854294,G,125,F,L
MT854294,G,131,Q,_
MT854294,G,132,H,Y
MT854294,G,134,V,I
MT854294,G,139,H,Y
MT854294,G,148,H,L
MT854294,G,149,H,Y
MT854294,G,150,L,S
MT854294,G,153,D,E
MT854294,G,157,E,K
MT854294,G,162,P,S
MT854294,G,168,KT,
MT854294,G,197,_,Q
MT854294,G,203,Q,_
MT854294,G,207,E,K
MT854294,G,210,H,Y
MT854294,G,211,Q,K
MT854294,G,217,N,T
MT854294,G,219,Q,_
MT854294,G,227,K,Q
MT854294,G,233,D,T
MT854294,G,237,N,D
MT854294,G,238,Y,H
MT854294,G,240,Q,_
MT854294,G,248,H,Q
MT854294,G,257,L,P
MT854294,G,259,I,V
MT854294,G,268,R,K
MT854294,G,277,P,L
MT854294,G,286,Q,K
MT854294,G,298,Y,H
MT854295,G,157,E,K
MT854295,G,162,P,S
MT854295,G,168,KT,
MT854295,G,197,_,Q
MT854295,G,203,Q,_
MT854295,G,207,E,K
MT854295,G,210,H,Y
MT854295,G,211,Q,K
MT854295,G,217,N,T
MT854295,G,219,Q,_
MT854295,G,227,K,Q
MT854295,G,233,D,T
MT854295,G,237,N,D
MT854295,G,238,Y,H
MT854295,G,240,Q,_
MT854295,G,248,H,Q
MT854295,G,257,L,P
MT854295,G,259,I,V
MT854295,G,268,R,K
MT854295,G,277,P,L
MT854295,G,286,Q,K
MT854295,G,298,Y,H
MT854296,G,84,G,C
MT854296,G,95,K,E
MT854296,G,96,K,E
MT854296,G,98,H,N
MT854296,G,105,P,L
MT854296,G,111,L,P
MT854296,G,114,T,P
MT854296,G,115,T,N
MT854296,G,116,Y,H
MT854296,G,119,I,T
MT854296,G,125,F,L
MT854296,G,131,Q,_
MT854296,G,132,H,Y
MT854296,G,134,V,I
MT854296,G,139,H,Y
MT854296,G,148,H,L
MT854296,G,149,H,Y
MT854296,G,150,L,S
MT854296,G,153,D,E
MT854296,G,157,E,K
MT854296,G,162,P,S
MT854296,G,168,KT,
MT854296,G,197,_,Q
MT854296,G,203,Q,_
MT854296,G,207,E,K
MT854296,G,210,H,Y
MT854296,G,211,Q,K
MT854296,G,217,N,T
MT854296,G,227,K,Q
MT854296,G,233,D,T
MT854296,G,238,Y,H
MT854296,G,248,H,Q
MT854296,G,257,L,P
MT854296,G,268,R,K
MT854296,G,286,Q,K
MT854296,G,298,Y,H
MT854297,G,111,L,P
MT854297,G,112,I,V
MT854297,G,114,T,P
MT854297,G,115,T,N
MT854297,G,116,Y,H
MT854297,G,119,I,T
MT854297,G,125,F,L
MT854297,G,131,Q,_
MT854297,G,132,H,Y
MT854297,G,134,V,I
MT854297,G,139,H,Y
MT854297,G,148,H,L
MT854297,G,149,H,Y
MT854297,G,150,L,S
MT854297,G,153,D,E
MT854297,G,157,E,K
MT854297,G,162,P,S
MT854297,G,168,KT,
MT854297,G,197,_,Q
MT854297,G,203,Q,_
MT854297,G,207,E,K
MT854297,G,210,H,Y
MT854297,G,211,Q,K
MT854297,G,217,N,T
MT854297,G,227,K,Q
MT854297,G,233,D,T
MT854297,G,238,Y,H
MT854297,G,248,H,Q
MT854297,G,257,L,P
MT854297,G,268,R,K
MT854297,G,277,P,L
MT854297,G,286,Q,K
MT854297,G,298,Y,H
MT854298,G,84,G,C
MT854298,G,91,K,E
MT854298,G,93,H,P
MT854298,G,95,K,E
MT854298,G,96,K,E
MT854298,G,98,H,N
MT854298,G,105,P,L
MT854298,G,111,L,P
MT854298,G,114,T,P
MT854298,G,115,T,N
MT854298,G,116,Y,H
MT854298,G,119,I,T
MT854298,G,125,F,L
MT854298,G,131,Q,_
MT854298,G,132,H,Y
MT854298,G,134,V,I
MT854298,G,139,H,Y
MT854298,G,148,H,L
MT854298,G,149,H,Y
MT854298,G,150,L,S
MT854298,G,153,D,E
MT854298,G,157,E,K
MT854298,G,162,P,S
MT854298,G,168,KT,
MT854298,G,197,_,Q
MT854298,G,203,Q,_
MT854298,G,207,E,K
MT854298,G,210,H,Y
MT854298,G,211,Q,K
MT854298,G,217,N,T
MT854298,G,227,K,Q
MT854298,G,233,D,T
MT854298,G,238,Y,H
MT854298,G,248,H,Q
MT854298,G,257,L,P
MT854298,G,268,R,K
MT854298,G,277,P,L
MT854298,G,286,Q,K
MT854298,G,298,Y,H
MT854299,G,84,G,C
MT854299,G,95,K,E
MT854299,G,96,K,E
MT854299,G,98,H,N
MT854299,G,105,P,L
MT854299,G,111,L,P
MT854299,G,114,T,P
MT854299,G,115,T,N
MT854299,G,116,Y,H
MT854299,G,119,I,T
MT854299,G,125,F,L
MT854299,G,131,Q,_
MT854299,G,132,H,Y
MT854299,G,134,V,I
MT854299,G,139,H,Y
MT854299,G,148,H,L
MT854299,G,149,H,Y
MT854299,G,150,L,S
MT854299,G,153,D,E
MT854299,G,157,E,K
MT854299,G,162,P,S
MT854299,G,168,KT,
MT854299,G,197,_,Q
MT854299,G,203,Q,_
MT854299,G,207,E,K
MT854299,G,210,H,Y
MT854299,G,211,Q,K
MT854299,G,217,N,T
MT854299,G,218,H,Y
MT854299,G,227,K,Q
MT854299,G,233,D,T
MT854299,G,238,Y,H
MT854299,G,248,H,Q
MT854299,G,257,L,P
MT854299,G,268,R,K
MT854299,G,277,P,L
MT854299,G,286,Q,G
MT854299,G,290,N,D
MT854299,G,294,I,L
MT854299,G,298,Y,H
MT854300,G,148,H,L
MT854300,G,149,H,Y
MT854300,G,150,L,S
MT854300,G,153,D,E
MT854300,G,157,E,K
MT854300,G,162,P,S
MT854300,G,168,KT,
MT854300,G,197,_,Q
MT854300,G,203,Q,_
MT854300,G,207,E,K
MT854300,G,210,H,Y
MT854300,G,211,Q,K
MT854300,G,217,N,T
MT854300,G,227,K,_
MT854300,G,233,D,T
MT854300,G,238,Y,H
MT854300,G,240,Q,_
MT854300,G,248,H,Q
MT854300,G,257,L,P
MT854300,G,268,R,K
MT854300,G,277,P,L
MT854300,G,286,Q,K
MT854300,G,298,Y,H
MT854301,G,84,G,C
MT854301,G,95,K,E
MT854301,G,98,H,N
MT854301,G,105,P,L
MT854301,G,111,L,P
MT854301,G,113,Q,R
MT854301,G,114,T,P
MT854301,G,116,Y,H
MT854301,G,119,I,T
MT854301,G,125,F,L
MT854301,G,131,Q,_
MT854301,G,132,H,Y
MT854301,G,134,V,I
MT854301,G,139,H,Y
MT854301,G,148,H,L
MT854301,G,149,H,Y
MT854301,G,150,L,S
MT854301,G,153,D,E
MT854301,G,157,E,K
MT854301,G,162,P,S
MT854301,G,168,KT,
MT854301,G,197,_,Q
MT854301,G,203,Q,_
MT854301,G,207,E,K
MT854301,G,210,H,Y
MT854301,G,211,Q,K
MT854301,G,217,N,T
MT854301,G,227,K,_
MT854301,G,233,D,T
MT854301,G,238,Y,H
MT854301,G,240,Q,_
MT854301,G,248,H,Q
MT854301,G,257,L,P
MT854301,G,268,R,K
MT854301,G,277,P,L
MT854301,G,286,Q,K
MT854301,G,298,Y,H
MT854302,G,84,G,C
MT854302,G,95,K,E
MT854302,G,96,K,E
MT854302,G,98,H,N
MT854302,G,105,P,L
MT854302,G,111,L,P
MT854302,G,114,T,P
MT854302,G,115,T,N
MT854302,G,116,Y,H
MT854302,G,119,I,T
MT854302,G,125,F,L
MT854302,G,131,Q,_
MT854302,G,132,H,Y
MT854302,G,134,V,I
MT854302,G,139,H,Y
MT854302,G,148,H,L
MT854302,G,149,H,Y
MT854302,G,150,L,S
MT854302,G,153,D,E
MT854302,G,157,E,K
MT854302,G,162,P,S
MT854302,G,168,KT,
MT854302,G,197,_,Q
MT854302,G,203,Q,_
MT854302,G,207,E,K
MT854302,G,210,H,Y
MT854302,G,211,Q,K
MT854302,G,217,N,T
MT854302,G,227,K,_
MT854302,G,233,D,T
MT854302,G,238,Y,H
MT854302,G,240,Q,_
MT854302,G,248,H,Q
MT854302,G,257,L,P
MT854302,G,268,R,K
MT854302,G,277,P,L
MT854302,G,286,Q,K
MT854302,G,298,Y,H
MT854303,G,84,G,C
MT854303,G,95,K,E
MT854303,G,96,K,E
MT854303,G,98,H,N
MT854303,G,105,P,L
MT854303,G,111,L,P
MT854303,G,114,T,P
MT854303,G,115,T,N
MT854303,G,116,Y,H
MT854303,G,119,I,T
MT854303,G,125,F,L
MT854303,G,131,Q,_
MT854303,G,132,H,Y
MT854303,G,134,V,I
MT854303,G,139,H,Y
MT854303,G,148,H,L
MT854303,G,149,H,Y
MT854303,G,150,L,S
MT854303,G,153,D,E
MT854303,G,157,E,K
MT854303,G,162,P,S
MT854303,G,168,KT,
MT854303,G,197,_,Q
MT854303,G,203,Q,_
MT854303,G,207,E,K
MT854303,G,210,H,Y
MT854303,G,211,Q,K
MT854303,G,217,N,T
MT854303,G,227,K,Q
MT854303,G,233,D,T
MT854303,G,238,Y,H
MT854303,G,240,Q,_
MT854303,G,248,H,Q
MT854303,G,257,L,P
MT854303,G,268,R,K
MT854303,G,277,P,L
MT854303,G,286,Q,E
MT854303,G,288,H,R
MT854303,G,289,T,A
MT854303,G,290,N,S
MT854303,G,291,T,A
MT854303,G,292,H,R
MT854303,G,294,I,F
MT854303,G,298,Y,R
MT854304,G,84,G,C
MT854304,G,95,K,E
MT854304,G,98,H,N
MT854304,G,105,P,L
MT854304,G,111,L,P
MT854304,G,116,Y,H
MT854304,G,119,I,T
MT854304,G,125,F,L
MT854304,G,132,H,Y
MT854304,G,134,V,I
MT854304,G,139,H,Y
MT854304,G,148,H,L
MT854304,G,149,H,Y
MT854304,G,150,L,S
MT854304,G,157,E,K
MT854304,G,162,P,S
MT854304,G,168,KT,
MT854304,G,197,_,Q
MT854304,G,203,Q,_
MT854304,G,207,E,K
MT854304,G,210,H,Y
MT854304,G,211,Q,K
MT854304,G,217,N,T
MT854304,G,227,K,Q
MT854304,G,233,D,T
MT854304,G,238,Y,H
MT854304,G,240,Q,_
MT854304,G,248,H,Q
MT854304,G,257,L,P
MT854304,G,268,R,K
MT854304,G,281,P,L
MT854304,G,285,T,A
MT854304,G,286,Q,K
MT854304,G,298,Y,H
MT854305,G,65,H,Y
MT854305,G,84,G,C
MT854305,G,95,K,E
MT854305,G,98,H,N
MT854305,G,105,P,L
MT854305,G,111,L,P
MT854305,G,116,Y,H
MT854305,G,117,N,S
MT854305,G,119,I,T
MT854305,G,125,F,L
MT854305,G,132,H,Y
MT854305,G,134,V,I
MT854305,G,139,H,Y
MT854305,G,146,Q,H
MT854305,G,148,H,L
MT854305,G,149,H,Y
MT854305,G,150,L,S
MT854305,G,153,D,K
MT854305,G,154,Q,P
MT854305,G,157,E,K
MT854305,G,162,P,S
MT854305,G,168,KT,
MT854305,G,174,P,S
MT854305,G,181,R,C
MT854305,G,197,_,Q
MT854305,G,203,Q,_
MT854305,G,207,E,K
MT854305,G,210,H,Y
MT854305,G,211,Q,K
MT854305,G,217,N,T
MT854305,G,218,H,Y
MT854305,G,219,Q,_
MT854305,G,227,K,Q
MT854305,G,233,D,T
MT854305,G,238,Y,H
MT854305,G,240,Q,_
MT854305,G,248,H,Q
MT854305,G,250,H,Y
MT854305,G,257,L,P
MT854305,G,268,R,K
MT854305,G,276,P,S
MT854305,G,282,R,_
MT854305,G,295,R,_
MT854305,G,298,Y,H
MT854306,G,84,G,C
MT854306,G,95,K,E
MT854306,G,96,K,E
MT854306,G,98,H,N
MT854306,G,105,P,L
MT854306,G,111,L,P
MT854306,G,114,T,P
MT854306,G,115,T,N
MT854306,G,116,Y,H
MT854306,G,119,I,T
MT854306,G,125,F,L
MT854306,G,131,Q,_
MT854306,G,132,H,Y
MT854306,G,134,V,I
MT854306,G,139,H,Y
MT854306,G,148,H,L
MT854306,G,149,H,Y
MT854306,G,150,L,S
MT854306,G,153,D,E
MT854306,G,157,E,K
MT854306,G,162,P,S
MT854306,G,168,KT,
MT854306,G,197,_,Q
MT854306,G,203,Q,_
MT854306,G,207,E,K
MT854306,G,210,H,Y
MT854306,G,211,Q,K
MT854306,G,217,N,T
MT854306,G,227,K,_
MT854306,G,233,D,T
MT854306,G,238,Y,H
MT854306,G,240,Q,_
MT854306,G,248,H,Q
MT854306,G,257,L,P
MT854306,G,268,R,K
MT854306,G,277,P,L
MT854306,G,286,Q,K
MT854306,G,298,Y,H
MT854307,G,84,G,C
MT854307,G,95,K,E
MT854307,G,96,K,E
MT854307,G,98,H,N
MT854307,G,105,P,L
MT854307,G,111,L,P
MT854307,G,114,T,P
MT854307,G,115,T,N
MT854307,G,116,Y,H
MT854307,G,119,I,T
MT854307,G,125,F,L
MT854307,G,131,Q,_
MT854307,G,132,H,Y
MT854307,G,134,V,I
MT854307,G,139,H,Y
MT854307,G,148,H,L
MT854307,G,149,H,Y
MT854307,G,150,L,S
MT854307,G,153,D,E
MT854307,G,157,E,K
MT854307,G,162,P,S
MT854307,G,168,KT,
MT854307,G,197,_,Q
MT854307,G,201,K,Q
MT854307,G,202,Q,H
MT854307,G,203,Q,_
MT854307,G,205,K,N
MT854307,G,206,E,K
MT854307,G,207,E,K
MT854308,G,84,G,D
MT854308,G,99,H,L
MT854308,G,105,P,L
MT854308,G,111,L,P
MT854308,G,116,Y,H
MT854308,G,119,I,T
MT854308,G,125,F,L
MT854308,G,132,H,Y
MT854308,G,134,V,I
MT854308,G,139,H,Y
MT854308,G,145,R,K
MT854308,G,150,L,S
MT854308,G,153,D,E
MT854308,G,157,E,K
MT854308,G,162,P,S
MT854308,G,184,_,Q
MT854308,G,185,Y,H
MT854308,G,197,_,Q
MT854308,G,207,E,K
MT854308,G,217,N,T
MT854308,G,225,R,K
MT854308,G,232,N,T
MT854308,G,233,D,T
MT854308,G,238,Y,H
MT854308,G,240,Q,L
MT854308,G,248,H,Q
MT854308,G,253,R,I
MT854308,G,257,L,F
MT854308,G,261,C,Y
MT854308,G,268,R,K
MT854308,G,283,K,G
MT854308,G,284,H,C
MT854308,G,290,N,D
MT854308,G,298,Y,H
MT854309,G,84,G,C
MT854309,G,95,K,E
MT854309,G,98,H,N
MT854309,G,105,P,L
MT854309,G,111,L,P
MT854309,G,116,Y,H
MT854309,G,119,I,T
MT854309,G,125,F,L
MT854309,G,131,Q,_
MT854309,G,132,H,Y
MT854309,G,134,V,I
MT854309,G,139,H,Y
MT854309,G,148,H,L
MT854309,G,150,L,S
MT854309,G,153,D,E
MT854309,G,157,E,K
MT854309,G,162,P,S
MT854309,G,168,KT,
MT854309,G,190,S,P
MT854309,G,197,_,Q
MT854309,G,203,Q,_
MT854309,G,207,E,K
MT854309,G,211,Q,K
MT854309,G,217,N,T
MT854309,G,233,D,T
MT854309,G,238,Y,H
MT854309,G,240,Q,_
MT854309,G,248,H,Q
MT854309,G,257,L,P
MT854309,G,268,R,K
MT854309,G,291,T,I
MT854309,G,292,H,Y
MT854309,G,295,R,_
MT854309,G,298,Y,H
MT854310,G,80,Y,H
MT854310,G,84,G,C
MT854310,G,95,K,E
MT854310,G,98,H,N
MT854310,G,105,P,L
MT854310,G,111,L,P
MT854310,G,116,Y,H
MT854310,G,119,I,T
MT854310,G,125,F,L
MT854310,G,131,Q,_
MT854310,G,132,H,Y
MT854310,G,134,V,I
MT854310,G,139,H,Y
MT854310,G,148,H,L
MT854310,G,150,L,S
MT854310,G,153,D,E
MT854310,G,157,E,K
MT854310,G,162,P,S
MT854310,G,168,KT,
MT854310,G,184,_,Q
MT854310,G,190,S,P
MT854310,G,197,_,Q
MT854310,G,201,K,R
MT854310,G,203,Q,_
MT854310,G,207,E,K
MT854310,G,211,Q,K
MT854310,G,217,N,T
MT854310,G,233,D,T
MT854310,G,238,Y,H
MT854310,G,240,Q,_
MT854310,G,242,N,D
MT854310,G,243,K,_
MT854310,G,245,T,A
MT854310,G,248,H,Q
MT854310,G,257,L,P
MT854310,G,268,R,K
MT854310,G,277,P,L
MT854310,G,291,T,I
MT854310,G,292,H,Y
MT854310,G,295,R,_
MT854310,G,298,Y,H
MT854311,G,207,E,K
MT854311,G,210,H,Y
MT854311,G,211,Q,K
MT854311,G,217,N,T
MT854311,G,219,Q,_
MT854311,G,227,K,Q
MT854311,G,233,D,T
MT854311,G,237,N,D
MT854311,G,238,Y,H
MT854311,G,240,Q,_
MT854311,G,248,H,Q
MT854311,G,257,L,P
MT854311,G,259,I,V
MT854311,G,268,R,K
MT854311,G,277,P,L
MT854311,G,286,Q,K
MT854311,G,298,Y,H
MT854312,G,84,G,C
MT854312,G,95,K,E
MT854312,G,96,K,E
MT854312,G,98,H,N
MT854312,G,105,P,L
MT854312,G,111,L,P
MT854312,G,114,T,P
MT854312,G,115,T,N
MT854312,G,116,Y,H
MT854312,G,119,I,T
MT854312,G,125,F,L
MT854312,G,131,Q,_
MT854312,G,132,H,Y
MT854312,G,134,V,I
MT854312,G,139,H,Y
MT854312,G,148,H,L
MT854312,G,149,H,Y
MT854312,G,150,L,S
MT854312,G,153,D,E
MT854312,G,157,E,K
MT854312,G,162,P,S
MT854312,G,168,KT,
MT854312,G,197,_,Q
MT854312,G,203,Q,_
MT854312,G,207,E,K
MT854312,G,210,H,Y
MT854312,G,211,Q,K
MT854312,G,217,N,T
MT854312,G,227,K,_
MT854312,G,233,D,T
MT854312,G,238,Y,H
MT854312,G,240,Q,_
MT854312,G,248,H,Q
MT854312,G,257,L,P
MT854312,G,268,R,K
MT854312,G,274,A,T
MT854312,G,277,P,L
MT854312,G,286,Q,K
MT854312,G,298,Y,H
