Accession ID,gene,pos,ref,alt
<<<<<<< HEAD
<<<<<<< HEAD
=======
>>>>>>> ef9dbb4 (Server and postgres working for RSVG)
MF554737,NS1,105,L,I
MF554738,NS1,105,L,I
MF554737,NS2,8,N,T
MF554737,NS2,55,K,R
MF554738,NS2,8,N,T
MF554738,NS2,55,K,R
MF554737,N,84,R,K
MF554737,N,216,H,Y
MF554738,N,84,R,K
MF554738,N,108,E,D
MF554738,N,117,A,T
MF554738,N,216,H,Y
MF554737,P,16,G,S
MF554737,P,17,Y,H
MF554737,P,18,_,Q
MF554737,P,61,Y,H
MF554737,P,63,Q,K
MF554737,P,82,T,A
MF554737,P,92,T,A
MF554737,P,97,L,F
MF554737,P,99,_,K
MF554737,P,116,Q,_
MF554737,P,120,R,_
MF554737,P,140,K,E
MF554737,P,154,G,S
MF554737,P,155,K,E
MF554737,P,170,D,G
MF554737,P,191,I,T
MF554737,P,201,G,R
MF554737,P,221,E,K
MF554737,P,222,I,T
MF554737,P,226,I,V
MF554737,P,236,I,V
MF554738,P,15,Q,_
MF554738,P,16,G,S
MF554738,P,17,Y,H
MF554738,P,18,_,Q
MF554738,P,61,Y,H
MF554738,P,63,Q,K
MF554738,P,82,T,A
MF554738,P,92,T,A
MF554738,P,97,L,F
MF554738,P,99,_,K
MF554738,P,116,Q,_
MF554738,P,120,R,_
MF554738,P,140,K,E
MF554738,P,154,G,S
MF554738,P,155,K,E
MF554738,P,170,D,G
MF554738,P,181,Q,_
MF554738,P,191,I,T
MF554738,P,201,G,R
MF554738,P,222,I,T
MF554738,P,226,I,V
MF554737,M,5,K,
MF554737,M,6,G,
MF554737,M,17,A,T
MF554737,M,20,R,G
MF554737,M,21,L,F
MF554737,M,32,L,P
MF554737,M,38,P,S
MF554737,M,52,Y,H
MF554737,M,56,F,S
MF554737,M,58,Y,H
MF554737,M,63,_,Q
MF554737,M,66,H,Y
MF554737,M,76,G,R
MF554737,M,79,T,I
MF554737,M,101,R,C
MF554737,M,102,_,Q
MF554737,M,111,T,A
MF554737,M,112,S,G
MF554737,M,122,Q,_
MF554737,M,125,_,Q
MF554737,M,136,D,N
MF554737,M,145,D,N
MF554737,M,149,Y,N
MF554737,M,152,Y,H
MF554737,M,153,Y,H
MF554737,M,161,H,Y
MF554737,M,176,H,Y
MF554737,M,178,C,R
MF554737,M,198,Y,H
MF554737,M,199,H,Y
MF554737,M,211,I,V
MF554737,M,249,H,N
MF554738,M,5,K,
MF554738,M,6,G,_
MF554738,M,17,A,T
MF554738,M,20,R,G
MF554738,M,32,L,P
MF554738,M,38,P,S
MF554738,M,52,Y,H
MF554738,M,56,F,S
MF554738,M,58,Y,H
MF554738,M,63,_,Q
MF554738,M,66,H,Y
MF554738,M,76,G,R
MF554738,M,78,F,L
MF554738,M,79,T,I
MF554738,M,101,R,C
MF554738,M,102,_,Q
MF554738,M,111,T,A
MF554738,M,112,S,G
MF554738,M,122,Q,_
MF554738,M,125,_,Q
MF554738,M,126,S,F
MF554738,M,136,D,N
MF554738,M,145,D,N
MF554738,M,149,Y,N
MF554738,M,152,Y,H
MF554738,M,153,Y,H
MF554738,M,161,H,Y
MF554738,M,176,H,Y
MF554738,M,178,C,R
MF554738,M,198,Y,H
MF554738,M,199,H,Y
MF554738,M,211,I,V
MF554738,M,249,H,N
MF554737,SH,3,H,N
MF554737,SH,5,P,L
MF554737,SH,6,Y,D
MF554737,SH,7,R,K
MF554737,SH,17,Q,L
MF554737,SH,34,S,_
MF554737,SH,40,C,_
MF554737,SH,54,F,S
MF554737,SH,55,V,A
MF554737,SH,58,T,M
MF554738,SH,3,H,N
MF554738,SH,5,P,L
MF554738,SH,6,Y,D
MF554738,SH,7,R,K
MF554738,SH,17,Q,L
MF554738,SH,34,S,_
MF554738,SH,40,C,_
MF554738,SH,54,F,S
MF554738,SH,55,V,A
MF554738,SH,58,T,M
MF554737,G,1,L,P
MF554737,G,2,T,K
MF554737,G,3,I,T
MF554737,G,14,T,P
MF554737,G,20,L,P
MF554737,G,30,S,L
MF554737,G,41,I,T
MF554737,G,54,P,L
MF554737,G,62,L,P
MF554737,G,81,Q,_
MF554737,G,90,Q,R
MF554737,G,91,A,T
MF554737,G,105,L,P
MF554737,G,110,V,A
MF554737,G,111,P,S
MF554737,G,112,L,P
MF554737,G,114,R,C
MF554737,G,115,L,P
MF554737,G,116,K,E
MF554737,G,120,K,N
MF554737,G,121,S,P
MF554737,G,122,P,Q
MF554737,G,131,E,V
MF554737,G,132,S,L
MF554737,G,136,C,H
MF554737,G,143,P,S
MF554737,G,149,L,P
MF554737,G,151,H,Y
MF554737,G,153,P,L
MF554737,G,155,S,N
MF554737,G,163,T,I
MF554737,G,166,Q,K
MF554737,G,167,A,T
MF554737,G,170,I,T
MF554737,G,179,T,I
MF554737,G,194,L,P
MF554737,G,197,K,R
MF554737,G,204,Q,L
MF554737,G,209,L,P
MF554737,G,230,L,Q
MF554737,G,236,P,S
MF554737,G,243,S,G
MF554737,G,254,_,E
MF554737,G,257,Y,C
MF554737,G,268,S,T
MF554737,G,272,W,R
MF554737,G,278,L,P
MF554737,G,284,Q,_
MF554737,G,286,L,H
MF554737,G,287,L,H
MF554737,G,290,L,I
MF554737,G,296,H,Y
MF554738,G,1,L,P
MF554738,G,2,T,K
MF554738,G,3,I,T
MF554738,G,14,T,P
MF554738,G,20,L,P
MF554738,G,41,I,T
MF554738,G,54,P,L
MF554738,G,62,L,P
MF554738,G,81,Q,_
MF554738,G,90,Q,R
MF554738,G,91,A,T
MF554738,G,105,L,P
MF554738,G,110,V,A
MF554738,G,111,P,S
MF554738,G,112,L,P
MF554738,G,114,R,C
MF554738,G,115,L,P
MF554738,G,116,K,E
MF554738,G,120,K,N
MF554738,G,121,S,P
MF554738,G,131,E,A
MF554738,G,132,S,L
MF554738,G,136,C,H
MF554738,G,143,P,S
MF554738,G,149,L,P
MF554738,G,151,H,Y
MF554738,G,153,P,L
MF554738,G,155,S,N
MF554738,G,163,T,I
MF554738,G,166,Q,K
MF554738,G,167,A,T
MF554738,G,170,I,T
MF554738,G,179,T,I
MF554738,G,194,L,P
MF554738,G,197,K,R
MF554738,G,204,Q,L
MF554738,G,209,L,P
MF554738,G,218,S,L
MF554738,G,230,L,Q
MF554738,G,236,P,S
MF554738,G,254,_,E
MF554738,G,257,Y,C
MF554738,G,260,P,L
MF554738,G,268,S,T
MF554738,G,272,W,R
MF554738,G,278,L,P
MF554738,G,284,Q,_
MF554738,G,286,L,H
MF554738,G,287,L,H
MF554738,G,290,L,I
MF554738,G,296,H,Y
MF554737,F,4,K,Q
MF554737,F,14,_,Q
MF554737,F,20,Q,L
MF554737,F,25,S,L
MF554737,F,30,F,S
MF554737,F,32,L,S
MF554737,F,34,L,P
MF554737,F,64,P,L
MF554737,F,81,E,V
MF554737,F,83,M,T
MF554737,F,111,H,Q
MF554737,F,112,Q,L
MF554737,F,113,Q,P
MF554737,F,115,I,V
MF554737,F,116,E,G
MF554737,F,123,G,D
MF554737,F,131,M,I
MF554737,F,134,K,P
MF554737,F,149,F,D
MF554737,F,163,L,P
MF554737,F,165,L,P
MF554737,F,176,R,K
MF554737,F,192,Q,L
MF554737,F,195,L,S
MF554737,F,212,N,S
MF554737,F,226,I,T
MF554737,F,227,_,L
MF554737,F,245,G,E
MF554737,F,260,T,I
MF554737,F,266,N,S
MF554737,F,268,C,Y
MF554737,F,286,T,A
MF554737,F,300,P,Q
MF554737,F,318,L,_
MF554737,F,321,H,L
MF554737,F,322,P,L
MF554737,F,337,K,R
MF554737,F,339,G,D
MF554737,F,343,V,A
MF554737,F,347,L,P
MF554737,F,360,L,P
MF554737,F,361,S,F
MF554737,F,372,Q,R
MF554737,F,374,E,G
MF554737,F,388,K,R
MF554737,F,393,M,T
MF554737,F,403,V,A
MF554737,F,422,P,L
MF554737,F,430,L,P
MF554737,F,440,E,G
MF554737,F,445,F,S
MF554737,F,449,A,V
MF554737,F,455,K,R
MF554737,F,458,T,I
MF554737,F,464,T,I
MF554737,F,474,V,A
MF554737,F,489,T,I
MF554737,F,492,Y,C
MF554737,F,506,T,M
MF554737,F,508,R,K
MF554737,F,510,T,I
MF554737,F,512,A,V
MF554737,F,516,F,S
MF554737,F,519,P,Q
MF554737,F,547,Y,_
MF554737,F,549,Y,_
MF554737,F,553,L,Q
MF554737,F,557,S,F
MF554737,F,560,V,A
MF554737,F,570,A,V
MF554737,F,571,K,R
MF554738,F,4,K,Q
MF554738,F,10,Q,_
MF554738,F,14,_,Q
MF554738,F,20,Q,L
MF554738,F,25,S,L
MF554738,F,30,F,S
MF554738,F,32,L,S
MF554738,F,34,L,P
MF554738,F,64,P,L
MF554738,F,75,R,K
MF554738,F,81,E,V
MF554738,F,83,M,T
MF554738,F,111,H,Q
MF554738,F,113,Q,P
MF554738,F,115,I,V
MF554738,F,123,G,D
MF554738,F,131,M,I
MF554738,F,132,P,T
MF554738,F,134,K,T
MF554738,F,149,F,D
MF554738,F,163,L,P
MF554738,F,165,L,P
MF554738,F,176,R,K
MF554738,F,192,Q,L
MF554738,F,195,L,S
MF554738,F,212,N,S
MF554738,F,217,_,L
MF554738,F,226,I,T
MF554738,F,227,_,L
MF554738,F,245,G,E
MF554738,F,260,T,I
MF554738,F,266,N,S
MF554738,F,268,C,Y
MF554738,F,286,T,A
MF554738,F,300,P,Q
MF554738,F,318,L,_
MF554738,F,321,H,L
MF554738,F,322,P,L
MF554738,F,337,K,R
MF554738,F,339,G,D
MF554738,F,343,V,A
MF554738,F,347,L,P
MF554738,F,360,L,P
MF554738,F,361,S,F
MF554738,F,372,Q,R
MF554738,F,374,E,G
MF554738,F,388,K,R
MF554738,F,393,M,T
MF554738,F,403,V,A
MF554738,F,430,L,P
MF554738,F,440,E,G
MF554738,F,445,F,S
MF554738,F,449,A,V
MF554738,F,455,K,R
MF554738,F,458,T,I
MF554738,F,474,V,A
MF554738,F,489,T,I
MF554738,F,492,Y,C
MF554738,F,506,T,M
MF554738,F,508,R,K
MF554738,F,510,T,I
MF554738,F,512,A,V
MF554738,F,516,F,S
MF554738,F,519,P,Q
MF554738,F,549,Y,_
MF554738,F,553,L,Q
MF554738,F,557,S,F
MF554738,F,560,V,A
MF554738,F,570,A,V
MF554738,F,571,K,R
MF554737,M2,1,P,L
MF554737,M2,2,S,F
MF554737,M2,6,K,R
MF554737,M2,127,N,H
MF554737,M2,130,L,P
MF554737,M2,135,I,V
MF554738,M2,1,P,L
MF554738,M2,2,S,F
MF554738,M2,6,K,R
MF554738,M2,123,K,R
MF554738,M2,127,N,H
MF554738,M2,130,L,P
MF554738,M2,135,I,V
MF554737,L,2,F,L
MF554737,L,16,N,S
MF554737,L,69,M,V
MF554737,L,91,L,I
MF554737,L,113,I,T
MF554737,L,114,A,T
MF554737,L,153,N,S
MF554737,L,172,S,L
MF554737,L,187,H,Q
MF554737,L,226,N,S
MF554737,L,234,N,S
MF554737,L,242,T,I
MF554737,L,247,Q,H
MF554737,L,398,V,I
MF554737,L,455,I,V
MF554737,L,585,E,D
MF554737,L,764,G,K
MF554737,L,831,I,V
MF554737,L,1189,I,L
MF554737,L,1248,S,A
MF554737,L,1481,H,N
MF554737,L,1561,K,R
MF554737,L,1667,H,Y
MF554737,L,1710,N,S
MF554737,L,1728,A,T
MF554737,L,1731,I,V
MF554737,L,1740,N,S
MF554737,L,1749,D,E
MF554737,L,1755,L,S
MF554737,L,1766,A,T
MF554737,L,1774,K,R
MF554737,L,1783,M,T
MF554737,L,1788,R,K
MF554737,L,1950,S,P
MF554737,L,1979,M,T
MF554737,L,2026,I,V
MF554737,L,2145,Y,H
MF554738,L,2,F,L
MF554738,L,16,N,S
MF554738,L,69,M,I
MF554738,L,91,L,I
MF554738,L,113,I,T
MF554738,L,114,A,T
MF554738,L,172,S,L
MF554738,L,187,H,Q
MF554738,L,226,N,S
MF554738,L,234,N,S
MF554738,L,242,T,I
MF554738,L,247,Q,H
MF554738,L,398,V,I
MF554738,L,455,I,V
MF554738,L,585,E,D
MF554738,L,764,G,K
MF554738,L,831,I,V
MF554738,L,1248,S,A
MF554738,L,1481,H,N
MF554738,L,1561,K,R
MF554738,L,1667,H,Y
MF554738,L,1710,N,S
MF554738,L,1728,A,T
MF554738,L,1731,I,V
MF554738,L,1740,N,S
MF554738,L,1746,K,I
MF554738,L,1755,L,S
MF554738,L,1766,A,T
MF554738,L,1774,K,R
MF554738,L,1783,M,T
MF554738,L,1788,R,K
MF554738,L,1800,N,H
MF554738,L,1950,S,P
MF554738,L,1979,M,T
MF554738,L,2026,I,V
MF554738,L,2145,Y,H
<<<<<<< HEAD
=======
MF554737,NS1,123,L,I
MF554738,NS1,123,L,I
MF554737,NS2,15,P,H
MF554737,NS2,19,I,L
MF554737,NS2,31,R,H
MF554737,NS2,32,C,Y
MF554737,NS2,36,P,L
MF554737,NS2,40,H,L
MF554737,NS2,44,T,I
MF554737,NS2,48,T,I
MF554737,NS2,61,E,G
MF554737,NS2,66,N,D
MF554737,NS2,72,S,F
MF554737,NS2,81,Y,C
MF554737,NS2,84,_,W
MF554737,NS2,101,L,H
MF554737,NS2,107,S,L
MF554737,NS2,122,Q,L
MF554737,NS2,124,I,T
MF554737,NS2,125,L,H
MF554737,NS2,136,K,E
MF554737,NS2,137,F,Y
MF554737,NS2,139,H,N
MF554737,NS2,140,N,K
MF554737,NS2,142,H,Q
MF554737,NS2,145,_,Q
MF554737,NS2,153,Y,H
MF554737,NS2,158,R,K
MF554737,NS2,159,W,_
MF554738,NS2,15,P,H
MF554738,NS2,19,I,P
MF554738,NS2,31,R,H
MF554738,NS2,32,C,Y
MF554738,NS2,36,P,L
MF554738,NS2,40,H,L
MF554738,NS2,44,T,I
MF554738,NS2,48,T,I
MF554738,NS2,66,N,D
MF554738,NS2,72,S,F
MF554738,NS2,81,Y,C
MF554738,NS2,84,_,W
MF554738,NS2,94,N,S
MF554738,NS2,107,S,L
MF554738,NS2,122,Q,P
MF554738,NS2,124,I,T
MF554738,NS2,125,L,H
MF554738,NS2,136,K,E
MF554738,NS2,137,F,Y
MF554738,NS2,139,H,N
MF554738,NS2,140,N,K
MF554738,NS2,142,H,Q
MF554738,NS2,145,_,R
MF554738,NS2,149,S,F
MF554738,NS2,153,Y,H
MF554738,NS2,158,R,K
MF554737,N,89,R,K
MF554737,N,221,H,Y
MF554738,N,89,R,K
MF554738,N,113,E,D
MF554738,N,122,A,T
MF554738,N,221,H,Y
MF554737,P,71,T,I
MF554737,P,78,A,V
MF554737,P,176,I,V
MF554737,P,249,V,A
MF554737,P,251,T,K
MF554737,P,253,H,Y
MF554737,P,255,N,K
MF554737,P,258,Y,H
MF554737,P,260,Q,_
MF554737,P,265,L,Q
MF554737,P,268,P,S
MF554737,P,269,I,P
MF554737,P,275,H,Y
MF554737,P,276,P,L
MF554737,P,281,T,P
MF554738,P,71,T,I
MF554738,P,78,A,V
MF554738,P,176,I,V
MF554738,P,249,V,A
MF554738,P,251,T,K
MF554738,P,253,H,Y
MF554738,P,255,N,K
MF554738,P,258,Y,H
MF554738,P,260,Q,_
MF554738,P,265,L,Q
MF554738,P,268,P,S
MF554738,P,269,I,P
MF554738,P,275,H,Y
MF554738,P,276,P,L
MF554738,P,278,ISQTANKTT,*
MF554738,P,291,T,I
MF554738,P,292,N,S
MF554737,M,1,_,Y
MF554737,M,8,K,
MF554737,M,9,G,
MF554737,M,20,A,T
MF554737,M,23,R,G
MF554737,M,24,L,F
MF554737,M,35,L,P
MF554737,M,41,P,S
MF554737,M,55,Y,H
MF554737,M,59,F,S
MF554737,M,61,Y,H
MF554737,M,66,_,Q
MF554737,M,69,H,Y
MF554737,M,79,G,R
MF554737,M,82,T,I
MF554737,M,104,R,C
MF554737,M,105,_,Q
MF554737,M,114,T,A
MF554737,M,115,S,G
MF554737,M,125,Q,_
MF554737,M,128,_,Q
MF554737,M,139,D,N
MF554737,M,148,D,N
MF554737,M,152,Y,N
MF554737,M,155,Y,H
MF554737,M,156,Y,H
MF554737,M,164,H,Y
MF554737,M,179,H,Y
MF554737,M,181,C,R
MF554737,M,201,Y,H
MF554737,M,202,H,Y
MF554737,M,214,I,V
MF554737,M,252,H,N
MF554737,M,276,S,N
MF554737,M,277,V,E
MF554737,M,278,L,_
MF554737,M,285,P,T
MF554737,M,291,P,Q
MF554737,M,293,Q,_
MF554737,M,295,Q,P
MF554737,M,301,T,I
MF554737,M,308,_,R
MF554737,M,310,P,S
MF554737,M,318,Y,H
MF554738,M,1,_,Y
MF554738,M,8,K,
MF554738,M,9,G,_
MF554738,M,20,A,T
MF554738,M,23,R,G
MF554738,M,35,L,P
MF554738,M,41,P,S
MF554738,M,55,Y,H
MF554738,M,59,F,S
MF554738,M,61,Y,H
MF554738,M,66,_,Q
MF554738,M,69,H,Y
MF554738,M,79,G,R
MF554738,M,81,F,L
MF554738,M,82,T,I
MF554738,M,104,R,C
MF554738,M,105,_,Q
MF554738,M,114,T,A
MF554738,M,115,S,G
MF554738,M,125,Q,_
MF554738,M,128,_,Q
MF554738,M,129,S,F
MF554738,M,139,D,N
MF554738,M,148,D,N
MF554738,M,152,Y,N
MF554738,M,155,Y,H
MF554738,M,156,Y,H
MF554738,M,164,H,Y
MF554738,M,179,H,Y
MF554738,M,181,C,R
MF554738,M,201,Y,H
MF554738,M,202,H,Y
MF554738,M,214,I,V
MF554738,M,252,H,N
MF554738,M,267,G,R
MF554738,M,276,S,N
MF554738,M,277,V,E
MF554738,M,278,L,_
MF554738,M,285,P,T
MF554738,M,291,P,Q
MF554738,M,293,Q,_
MF554738,M,295,Q,P
MF554738,M,301,T,I
MF554738,M,304,T,P
MF554738,M,308,_,R
MF554738,M,310,P,S
MF554738,M,318,Y,H
MF554737,SH,16,G,E
MF554737,SH,26,_,Q
MF554737,SH,31,H,N
MF554737,SH,33,P,L
MF554737,SH,34,Y,D
MF554737,SH,35,R,K
MF554737,SH,45,Q,L
MF554737,SH,62,S,_
MF554737,SH,68,C,_
MF554737,SH,82,F,S
MF554737,SH,83,V,A
MF554737,SH,86,T,M
MF554737,SH,101,T,I
MF554737,SH,108,N,D
MF554737,SH,110,P,S
MF554737,SH,117,_,C
MF554737,SH,122,P,L
MF554737,SH,125,L,S
MF554737,SH,127,H,N
MF554737,SH,128,L,H
MF554737,SH,132,P,S
MF554737,SH,137,L,S
MF554738,SH,16,G,E
MF554738,SH,26,_,Q
MF554738,SH,31,H,N
MF554738,SH,33,P,L
MF554738,SH,34,Y,D
MF554738,SH,35,R,K
MF554738,SH,45,Q,L
MF554738,SH,62,S,_
MF554738,SH,68,C,_
MF554738,SH,82,F,S
MF554738,SH,83,V,A
MF554738,SH,86,T,M
MF554738,SH,101,T,I
MF554738,SH,108,N,D
MF554738,SH,110,P,S
MF554738,SH,117,_,C
MF554738,SH,122,P,L
MF554738,SH,125,L,P
MF554738,SH,127,H,N
MF554738,SH,128,L,H
MF554738,SH,132,P,S
MF554738,SH,137,L,S
MF554737,G,4,S,L
MF554737,G,6,L,P
MF554737,G,7,T,K
MF554737,G,8,I,T
MF554737,G,19,T,P
MF554737,G,25,L,P
MF554737,G,35,S,L
MF554737,G,46,I,T
MF554737,G,59,P,L
MF554737,G,67,L,P
MF554737,G,86,Q,_
MF554737,G,95,Q,R
MF554737,G,96,A,T
MF554737,G,110,L,P
MF554737,G,115,V,A
MF554737,G,116,P,S
MF554737,G,117,L,P
MF554737,G,119,R,C
MF554737,G,120,L,P
MF554737,G,121,K,E
MF554737,G,125,K,N
MF554737,G,126,S,P
MF554737,G,127,P,Q
MF554737,G,136,E,V
MF554737,G,137,S,L
MF554737,G,141,C,H
MF554737,G,148,P,S
MF554737,G,154,L,P
MF554737,G,156,H,Y
MF554737,G,158,P,L
MF554737,G,160,S,N
MF554737,G,168,T,I
MF554737,G,171,Q,K
MF554737,G,172,A,T
MF554737,G,175,I,T
MF554737,G,184,T,I
MF554737,G,199,L,P
MF554737,G,202,K,R
MF554737,G,209,Q,L
MF554737,G,214,L,P
MF554737,G,235,L,Q
MF554737,G,241,P,S
MF554737,G,248,S,G
MF554737,G,259,_,E
MF554737,G,262,Y,C
MF554737,G,273,S,T
MF554737,G,277,W,R
MF554737,G,283,L,P
MF554737,G,289,Q,_
MF554737,G,291,L,H
MF554737,G,292,L,H
MF554737,G,295,L,I
MF554737,G,301,H,Y
MF554738,G,4,S,L
MF554738,G,6,L,P
MF554738,G,7,T,K
MF554738,G,8,I,T
MF554738,G,19,T,P
MF554738,G,25,L,P
MF554738,G,46,I,T
MF554738,G,59,P,L
MF554738,G,67,L,P
MF554738,G,86,Q,_
MF554738,G,95,Q,R
MF554738,G,96,A,T
MF554738,G,110,L,P
MF554738,G,115,V,A
MF554738,G,116,P,S
MF554738,G,117,L,P
MF554738,G,119,R,C
MF554738,G,120,L,P
MF554738,G,121,K,E
MF554738,G,125,K,N
MF554738,G,126,S,P
MF554738,G,136,E,A
MF554738,G,137,S,L
MF554738,G,141,C,H
MF554738,G,148,P,S
MF554738,G,154,L,P
MF554738,G,156,H,Y
MF554738,G,158,P,L
MF554738,G,160,S,N
MF554738,G,168,T,I
MF554738,G,171,Q,K
MF554738,G,172,A,T
MF554738,G,175,I,T
MF554738,G,184,T,I
MF554738,G,199,L,P
MF554738,G,202,K,R
MF554738,G,209,Q,L
MF554738,G,214,L,P
MF554738,G,223,S,L
MF554738,G,235,L,Q
MF554738,G,241,P,S
MF554738,G,259,_,E
MF554738,G,262,Y,C
MF554738,G,265,P,L
MF554738,G,273,S,T
MF554738,G,277,W,R
MF554738,G,283,L,P
MF554738,G,289,Q,_
MF554738,G,291,L,H
MF554738,G,292,L,H
MF554738,G,295,L,I
MF554738,G,301,H,Y
MF554737,F,2,T,N
MF554737,F,3,_,Q
MF554737,F,8,_,S
MF554737,F,18,L,P
MF554737,F,22,A,T
MF554737,F,30,T,A
MF554737,F,34,F,L
MF554737,F,39,G,S
MF554737,F,116,P,A
MF554737,F,117,T,A
MF554737,F,119,N,S
MF554737,F,136,A,T
MF554737,F,138,K,T
MF554737,F,153,V,G
MF554737,F,166,V,I
MF554737,F,192,L,V
MF554737,F,290,N,S
MF554737,F,393,I,V
MF554737,F,398,V,I
MF554737,F,461,M,V
MF554737,F,552,L,V
MF554737,F,554,S,A
MF554737,F,592,I,M
MF554737,F,597,V,I
MF554737,F,602,Y,H
MF554737,F,605,L,T
MF554737,F,611,V,I
MF554737,F,614,F,L
MF554737,F,622,E,T
MF554737,F,624,L,F
MF554738,F,2,T,N
MF554738,F,3,_,Q
MF554738,F,5,E,K
MF554738,F,8,_,S
MF554738,F,14,T,I
MF554738,F,18,L,P
MF554738,F,22,A,T
MF554738,F,30,T,A
MF554738,F,34,F,L
MF554738,F,39,G,S
MF554738,F,116,P,A
MF554738,F,117,T,A
MF554738,F,119,N,S
MF554738,F,136,A,N
MF554738,F,138,K,N
MF554738,F,153,V,G
MF554738,F,166,V,I
MF554738,F,192,L,V
MF554738,F,290,N,S
MF554738,F,393,I,V
MF554738,F,398,V,I
MF554738,F,461,M,V
MF554738,F,554,S,A
MF554738,F,597,V,I
MF554738,F,602,Y,H
MF554738,F,605,L,T
MF554738,F,611,V,I
MF554738,F,614,F,L
MF554738,F,622,E,T
MF554738,F,624,L,F
MF554737,M2,4,P,L
MF554737,M2,5,S,F
MF554737,M2,9,K,R
MF554737,M2,130,N,H
MF554737,M2,133,L,P
MF554737,M2,138,I,V
MF554737,M2,215,N,K
MF554737,M2,223,M,L
MF554737,M2,226,Y,H
MF554737,M2,232,E,K
MF554737,M2,236,F,Y
MF554737,M2,246,V,I
MF554737,M2,247,L,P
MF554737,M2,249,E,G
MF554737,M2,251,N,T
MF554737,M2,262,I,L
MF554737,M2,265,H,C
MF554737,M2,268,N,K
MF554737,M2,278,G,_
MF554737,M2,281,Y,H
MF554737,M2,289,T,I
MF554737,M2,292,S,P
MF554737,M2,295,H,Y
MF554737,M2,298,V,I
MF554737,M2,299,T,K
MF554737,M2,302,I,T
MF554737,M2,307,V,A
MF554737,M2,308,V,M
MF554738,M2,4,P,L
MF554738,M2,5,S,F
MF554738,M2,9,K,R
MF554738,M2,126,K,R
MF554738,M2,130,N,H
MF554738,M2,133,L,P
MF554738,M2,138,I,V
MF554738,M2,215,N,K
MF554738,M2,223,M,L
MF554738,M2,226,Y,H
MF554738,M2,232,E,K
MF554738,M2,236,F,Y
MF554738,M2,246,V,I
MF554738,M2,247,L,P
MF554738,M2,249,E,G
MF554738,M2,251,N,T
MF554738,M2,262,I,L
MF554738,M2,265,H,C
MF554738,M2,268,N,K
MF554738,M2,278,G,_
MF554738,M2,281,Y,H
MF554738,M2,289,T,I
MF554738,M2,292,S,P
MF554738,M2,295,H,Y
MF554738,M2,298,V,I
MF554738,M2,299,T,K
MF554738,M2,302,I,T
MF554738,M2,307,V,A
MF554738,M2,308,V,M
MF554737,L,1,Y,Q
MF554737,L,10,C,Y
MF554737,L,19,M,V
MF554737,L,28,P,L
MF554737,L,36,S,F
MF554737,L,40,S,N
MF554737,L,42,M,T
MF554737,L,43,L,P
MF554737,L,93,N,K
MF554737,L,99,I,T
MF554737,L,118,P,L
MF554737,L,132,_,S
MF554737,L,144,_,W
MF554737,L,146,L,S
MF554737,L,149,R,K
MF554737,L,155,T,I
MF554737,L,156,M,V
MF554737,L,166,R,L
MF554737,L,175,Q,_
MF554737,L,177,L,S
MF554737,L,178,K,R
MF554737,L,190,T,N
MF554737,L,196,T,I
MF554737,L,202,S,F
MF554737,L,209,Q,R
MF554737,L,222,T,I
MF554737,L,229,T,A
MF554737,L,236,Q,L
MF554737,L,237,M,V
MF554737,L,243,G,V
MF554737,L,245,H,Y
MF554737,L,250,K,I
MF554737,L,255,F,S
MF554737,L,260,T,I
MF554737,L,278,P,L
MF554737,L,304,A,V
MF554737,L,309,I,T
MF554737,L,316,A,V
MF554737,L,335,S,N
MF554737,L,337,F,S
MF554737,L,368,D,G
MF554737,L,380,L,P
MF554737,L,401,C,Y
MF554737,L,402,P,Q
MF554737,L,429,L,S
MF554737,L,461,M,T
MF554737,L,469,A,V
MF554737,L,476,V,E
MF554737,L,477,P,L
MF554737,L,499,L,P
MF554737,L,517,L,P
MF554737,L,528,C,F
MF554737,L,536,V,E
MF554737,L,549,L,S
MF554737,L,553,K,R
MF554737,L,570,T,I
MF554737,L,572,H,R
MF554737,L,577,T,I
MF554737,L,586,F,S
MF554737,L,587,P,L
MF554737,L,588,R,I
MF554737,L,620,S,L
MF554737,L,623,L,R
MF554737,L,646,R,Q
MF554737,L,649,S,L
MF554737,L,651,R,K
MF554737,L,655,W,_
MF554737,L,664,F,Y
MF554737,L,667,S,F
MF554737,L,668,F,S
MF554737,L,681,K,R
MF554737,L,696,A,V
MF554737,L,725,R,H
MF554737,L,730,V,A
MF554737,L,732,C,Y
MF554737,L,767,E,R
MF554737,L,778,N,S
MF554737,L,786,T,I
MF554737,L,789,A,V
MF554737,L,797,C,Y
MF554737,L,806,W,_
MF554737,L,831,A,V
MF554737,L,853,A,V
MF554737,L,863,A,E
MF554737,L,876,H,R
MF554737,L,885,Q,R
MF554737,L,886,F,S
MF554737,L,913,I,T
MF554737,L,949,R,K
MF554737,L,951,L,H
MF554737,L,954,_,L
MF554737,L,962,I,T
MF554737,L,970,R,K
MF554737,L,983,I,T
MF554737,L,994,Y,C
MF554737,L,1016,T,I
MF554737,L,1036,T,I
MF554737,L,1063,L,P
MF554737,L,1068,_,L
MF554737,L,1078,G,D
MF554737,L,1081,D,G
MF554737,L,1095,Q,P
MF554737,L,1099,V,A
MF554737,L,1112,I,T
MF554737,L,1114,L,P
MF554737,L,1120,_,L
MF554737,L,1133,M,T
MF554737,L,1155,Q,P
MF554737,L,1166,K,R
MF554737,L,1193,F,Y
MF554737,L,1195,W,_
MF554737,L,1203,R,K
MF554737,L,1218,M,T
MF554737,L,1220,G,E
MF554737,L,1243,S,_
MF554737,L,1246,L,Q
MF554737,L,1250,Y,_
MF554737,L,1255,L,S
MF554737,L,1261,L,S
MF554737,L,1284,K,R
MF554737,L,1293,S,F
MF554737,L,1318,R,K
MF554737,L,1321,S,L
MF554737,L,1323,K,R
MF554737,L,1325,S,L
MF554737,L,1329,P,L
MF554737,L,1335,K,R
MF554737,L,1338,R,K
MF554737,L,1347,S,L
MF554737,L,1348,I,T
MF554737,L,1352,A,V
MF554737,L,1365,Q,L
MF554737,L,1371,Q,L
MF554737,L,1377,T,I
MF554737,L,1395,T,I
MF554737,L,1407,V,A
MF554737,L,1424,F,Y
MF554737,L,1427,L,P
MF554737,L,1456,S,N
MF554737,L,1480,N,S
MF554737,L,1492,H,R
MF554737,L,1494,K,R
MF554737,L,1515,_,L
MF554737,L,1524,K,R
MF554737,L,1541,L,S
MF554737,L,1553,P,H
MF554737,L,1562,M,T
MF554737,L,1564,K,E
MF554737,L,1572,T,I
MF554737,L,1576,F,S
MF554737,L,1594,Y,C
MF554737,L,1607,K,R
MF554737,L,1656,_,L
MF554737,L,1676,N,S
MF554737,L,1686,S,F
MF554737,L,1687,S,F
MF554737,L,1699,Y,F
MF554737,L,1713,I,V
MF554737,L,1727,R,K
MF554737,L,1738,T,I
MF554737,L,1743,M,V
MF554737,L,1752,T,N
MF554737,L,1756,Y,C
MF554737,L,1758,C,R
MF554737,L,1777,N,D
MF554737,L,1784,S,F
MF554737,L,1786,W,R
MF554737,L,1791,E,K
MF554737,L,1797,A,V
MF554737,L,1802,P,L
MF554737,L,1810,P,L
MF554737,L,1811,T,I
MF554737,L,1814,L,P
MF554737,L,1823,T,I
MF554737,L,1857,K,R
MF554737,L,1859,P,L
MF554737,L,1870,G,E
MF554737,L,1879,N,S
MF554737,L,1883,T,I
MF554737,L,1900,L,Q
MF554737,L,1909,D,G
MF554737,L,1950,P,L
MF554737,L,1960,K,R
MF554737,L,1964,N,S
MF554737,L,1971,S,N
MF554737,L,1976,P,L
MF554737,L,1982,C,H
MF554737,L,1993,L,S
MF554737,L,1999,I,T
MF554737,L,2016,R,L
MF554737,L,2017,R,K
MF554737,L,2027,R,Q
MF554737,L,2028,I,M
MF554737,L,2029,Y,C
MF554737,L,2053,R,K
MF554737,L,2054,K,R
MF554737,L,2065,K,R
MF554737,L,2085,Q,L
MF554737,L,2121,N,S
MF554737,L,2137,T,I
MF554737,L,2145,H,L
MF554737,L,2148,T,I
MF554737,L,2175,F,L
MF554737,L,2181,_,Q
MF554737,L,2182,R,K
MF554737,L,2188,SH,
MF554738,L,1,Y,Q
MF554738,L,10,C,Y
MF554738,L,19,M,V
MF554738,L,28,P,L
MF554738,L,36,S,F
MF554738,L,40,S,N
MF554738,L,42,M,T
MF554738,L,43,L,P
MF554738,L,93,N,K
MF554738,L,99,I,T
MF554738,L,118,P,L
MF554738,L,132,_,S
MF554738,L,144,_,W
MF554738,L,146,L,S
MF554738,L,149,R,K
MF554738,L,155,T,I
MF554738,L,166,R,L
MF554738,L,175,Q,_
MF554738,L,177,L,S
MF554738,L,178,K,R
MF554738,L,190,T,N
MF554738,L,191,L,P
MF554738,L,196,T,I
MF554738,L,202,S,F
MF554738,L,209,Q,R
MF554738,L,222,T,I
MF554738,L,229,T,A
MF554738,L,236,Q,L
MF554738,L,237,M,V
MF554738,L,243,G,V
MF554738,L,245,H,Y
MF554738,L,250,K,I
MF554738,L,260,T,I
MF554738,L,278,P,L
MF554738,L,304,A,V
MF554738,L,309,I,T
MF554738,L,316,A,V
MF554738,L,335,S,N
MF554738,L,337,F,S
MF554738,L,368,D,G
MF554738,L,380,L,P
MF554738,L,401,C,Y
MF554738,L,402,P,Q
MF554738,L,429,L,S
MF554738,L,461,M,T
MF554738,L,469,A,V
MF554738,L,476,V,E
MF554738,L,477,P,L
MF554738,L,499,L,P
MF554738,L,517,L,P
MF554738,L,528,C,F
MF554738,L,536,V,E
MF554738,L,549,L,S
MF554738,L,553,K,R
MF554738,L,570,T,I
MF554738,L,572,H,R
MF554738,L,577,T,I
MF554738,L,586,F,S
MF554738,L,587,P,L
MF554738,L,588,R,I
MF554738,L,620,S,L
MF554738,L,623,L,R
MF554738,L,646,R,Q
MF554738,L,651,R,K
MF554738,L,655,W,_
MF554738,L,664,F,Y
MF554738,L,667,S,F
MF554738,L,668,F,S
MF554738,L,681,K,R
MF554738,L,696,A,V
MF554738,L,725,R,H
MF554738,L,730,V,A
MF554738,L,732,C,Y
MF554738,L,767,E,R
MF554738,L,778,N,S
MF554738,L,786,T,I
MF554738,L,789,A,V
MF554738,L,797,C,Y
MF554738,L,806,W,_
MF554738,L,831,A,V
MF554738,L,853,A,V
MF554738,L,863,A,E
MF554738,L,876,H,R
MF554738,L,885,Q,R
MF554738,L,886,F,S
MF554738,L,913,I,T
MF554738,L,949,R,K
MF554738,L,951,L,H
MF554738,L,954,_,L
MF554738,L,962,I,T
MF554738,L,970,R,K
MF554738,L,983,I,T
MF554738,L,994,Y,C
MF554738,L,1016,T,I
MF554738,L,1063,L,P
MF554738,L,1068,_,L
MF554738,L,1078,G,D
MF554738,L,1081,D,G
MF554738,L,1095,Q,P
MF554738,L,1099,V,A
MF554738,L,1112,I,T
MF554738,L,1114,L,P
MF554738,L,1120,_,L
MF554738,L,1133,M,T
MF554738,L,1155,Q,P
MF554738,L,1166,K,R
MF554738,L,1193,F,Y
MF554738,L,1195,W,_
MF554738,L,1203,R,K
MF554738,L,1218,M,T
MF554738,L,1220,G,E
MF554738,L,1243,S,_
MF554738,L,1246,L,Q
MF554738,L,1250,Y,_
MF554738,L,1255,L,S
MF554738,L,1261,L,S
MF554738,L,1271,P,L
MF554738,L,1284,K,R
MF554738,L,1293,S,F
MF554738,L,1321,S,L
MF554738,L,1323,K,R
MF554738,L,1325,S,L
MF554738,L,1329,P,L
MF554738,L,1335,K,R
MF554738,L,1338,R,K
MF554738,L,1347,S,L
MF554738,L,1348,I,T
MF554738,L,1352,A,V
MF554738,L,1365,Q,L
MF554738,L,1371,Q,L
MF554738,L,1377,T,I
MF554738,L,1395,T,I
MF554738,L,1397,Y,C
MF554738,L,1407,V,A
MF554738,L,1424,F,Y
MF554738,L,1427,L,P
MF554738,L,1456,S,N
MF554738,L,1492,H,R
MF554738,L,1494,K,R
MF554738,L,1515,_,L
MF554738,L,1524,K,R
MF554738,L,1541,L,S
MF554738,L,1553,P,H
MF554738,L,1562,M,T
MF554738,L,1564,K,E
MF554738,L,1572,T,I
MF554738,L,1576,F,S
MF554738,L,1594,Y,C
MF554738,L,1607,K,R
MF554738,L,1656,_,L
MF554738,L,1676,N,S
MF554738,L,1686,S,F
MF554738,L,1687,S,F
MF554738,L,1713,I,V
MF554738,L,1727,R,K
MF554738,L,1738,T,I
MF554738,L,1743,M,V
MF554738,L,1749,K,_
MF554738,L,1758,C,R
MF554738,L,1777,N,D
MF554738,L,1784,S,F
MF554738,L,1786,W,R
MF554738,L,1791,E,K
MF554738,L,1797,A,V
MF554738,L,1799,Q,P
MF554738,L,1802,P,L
MF554738,L,1810,P,L
MF554738,L,1811,T,I
MF554738,L,1814,L,P
MF554738,L,1823,T,I
MF554738,L,1857,K,R
MF554738,L,1859,P,L
MF554738,L,1883,T,I
MF554738,L,1900,L,Q
MF554738,L,1909,D,G
MF554738,L,1950,P,L
MF554738,L,1960,K,R
MF554738,L,1964,N,S
MF554738,L,1971,S,N
MF554738,L,1976,P,L
MF554738,L,1982,C,H
MF554738,L,1993,L,S
MF554738,L,1999,I,T
MF554738,L,2016,R,L
MF554738,L,2017,R,K
MF554738,L,2027,R,Q
MF554738,L,2028,I,M
MF554738,L,2029,Y,C
MF554738,L,2053,R,K
MF554738,L,2065,K,R
MF554738,L,2085,Q,L
MF554738,L,2121,N,S
MF554738,L,2137,T,I
MF554738,L,2145,H,L
MF554738,L,2148,T,I
MF554738,L,2175,F,L
MF554738,L,2181,_,Q
MF554738,L,2182,R,K
MF554738,L,2188,SH,
MF554738,L,2190,S,G
>>>>>>> bdf8095 (Finalized workflow_rsv_main, ready to move on to server)
=======
>>>>>>> ef9dbb4 (Server and postgres working for RSVG)
